241 25346 343 2282168
180 9935 241 1930246
14 884 28 149255
31 11654 27 9211
2 80 0 0
0 0 0 0
0 0 0 0
2 80 2 357
0 0 0 0
0 0 0 0
11 1753 8 2963
1 40 1 509
0 0 0 0
0 0 0 0
0 0 0 0
0 0 0 0
0 0 0 0
0 0 0 0
0 0 0 0
0 0 0 0
0 0 0 0
2 181 1 211
0 0 0 0
0 0 0 0
0 0 0 0
5 200 6 398
0 0 0 0
0 0 0 0
1 40 1 244
0 0 0 0
0 0 0 0
0 0 0 0
0 0 0 0
0 0 0 0
2 124 1 215
1 41 1 52
1 40 1 299
0 0 0 0
0 0 0 0
0 0 0 0
1 40 2 193
0 0 0 0
0 0 0 0
1 40 1 127
2 134 3 376
1 40 1 145
0 0 0 0
1 40 1 232
2 80 2 489
2 80 3 427
0 0 0 0
0 0 0 0
0 0 0 0
3 120 4 347
0 0 0 0
1 40 1 175
0 0 1 248
2 80 2 182
3 120 5 9525
6 484 3 796
8 4887 8 7123
1 40 2 641
3 425 1 52
12 951 10 6877
0 0 0 0
0 0 0 0
1 40 2 328
0 0 0 0
2 80 2 538
0 0 0 0
0 0 0 0
1 40 1 235
6 240 6 302
2 92 7 1669
0 0 0 0
0 0 0 0
1 40 1 122
0 0 0 0
0 0 0 0
2 124 1 215
1 41 0 0
0 0 1 52
0 0 0 0
1 40 2 297
0 0 0 0
3 174 3 497
0 0 0 0
0 0 0 0
0 0 0 0
0 0 0 0
0 0 0 0
0 0 0 0
1 40 1 209
0 0 0 0
2 80 3 670
0 0 0 0
0 0 0 0
4 160 2 80
1 40 1 271
0 0 0 0
0 0 0 0
0 0 0 0
0 0 0 0
0 0 0 0
0 0 0 0
0 0 0 0
0 0 0 0
2 80 1 40
0 0 0 0
1 105 2 139
0 0 0 0
