210 210 30 225 234 237 239 17640 17640 7705 21493 23804 24575 25037 292 292 51 317 332 337 340 2106207 2106207 175961 2194187 2246975 2264571 2275129
0 0 0 0 0 0 0 0 0 0 0 0 0 0 0 0 0 0 0 0 0 0 0 0 0 0 0 0
0 0 0 0 0 0 0 0 0 0 0 0 0 0 0 0 0 0 0 0 0 0 0 0 0 0 0 0
2 2 2 3 4 4 4 100 100 100 150 180 190 196 3 3 3 4 5 5 5 199 199 199 298 358 378 390
0 0 0 0 0 0 0 0 0 0 0 0 0 0 0 0 0 0 0 0 0 0 0 0 0 0 0 0
0 0 0 0 0 0 0 20 20 20 30 36 38 39 1 1 1 1 1 1 1 96 96 96 144 173 183 189
2 2 0 2 2 2 2 80 80 0 80 80 80 80 2 2 0 2 2 2 2 458 458 31 473 482 485 487
1 1 1 1 1 1 1 40 40 40 60 72 76 78 1 1 0 1 1 1 1 215 215 33 231 241 244 246
0 0 0 0 0 0 0 0 0 0 0 0 0 0 0 0 0 0 0 0 0 0 0 0 0 0 0 0
4 4 2 5 5 5 5 166 166 74 203 225 232 237 6 6 0 6 6 6 6 985 985 683 1327 1532 1600 1641
0 0 0 0 0 0 0 20 20 20 30 36 38 40 0 0 0 0 0 0 0 26 26 26 39 46 49 50
0 0 0 0 0 0 0 0 0 0 0 0 0 0 0 0 0 0 0 0 0 0 0 0 0 0 0 0
2 2 2 3 3 3 3 80 80 80 120 144 152 156 1 1 1 1 1 1 1 40 40 40 60 72 76 78
0 0 0 0 0 0 0 0 0 0 0 0 0 0 0 0 0 0 0 0 0 0 0 0 0 0 0 0
