24 0 63 4 45 183 217 2488 0 6152 281 10106 12338 20143 32 0 88 3 49 246 304 218735 0 632440 1122 327354 1947842 2148437
1 0 2 0 2 5 8 110 0 381 10 182 277 1162 0 0 2 0 1 6 7 216 0 646 52 409 631 2030
0 0 1 1 2 2 3 31 0 60 40 129 181 192 0 0 1 1 1 1 4 70 0 122 91 249 303 360
0 0 0 1 2 2 2 32 20 41 40 84 124 130 0 0 0 1 2 3 3 127 26 158 219 381 430 465
1 1 1 2 3 3 4 64 40 105 80 121 151 351 1 1 1 2 3 4 4 663 178 2043 354 519 1232 6207
2 1 3 3 6 8 10 363 40 1063 120 530 1147 3391 2 1 2 2 5 8 9 1341 178 2778 563 6901 7243 8612
1 1 3 2 6 8 10 347 40 1063 100 477 1147 3391 2 1 3 2 7 8 9 905 87 2067 380 2189 6889 7029
0 0 1 1 2 3 4 39 0 65 40 129 177 214 1 0 1 1 3 6 6 169 0 371 220 321 555 1223
0 0 1 1 2 3 3 28 0 51 40 88 160 168 0 0 1 1 2 3 3 103 0 186 112 317 505 604
0 0 1 1 2 2 3 25 0 44 40 82 107 139 0 0 0 1 2 2 2 70 0 157 50 215 290 518
