32 1 71 12 120 198 223 3318 40 6907 1318 10966 15761 21512 43 0 99 17 155 271 314 291647 0 715571 6087 1217849 2035822 2183629
0 0 2 0 1 4 8 131 0 435 0 124 652 1312 0 0 1 0 1 3 6 245 0 738 0 389 1245 2275
0 0 1 0 2 2 4 36 0 68 20 158 186 194 0 0 1 0 1 2 4 71 0 124 105 232 290 354
0 0 0 1 1 2 2 27 0 43 40 90 126 131 0 0 0 1 1 2 2 84 0 122 160 265 322 354
0 1 0 1 2 2 2 38 40 44 60 103 124 130 1 1 1 2 3 3 3 155 127 172 289 406 445 471
2 1 3 3 7 9 10 476 40 1206 272 764 2131 3784 2 1 2 3 6 8 9 1731 182 3110 718 7024 7843 8852
2 1 3 2 7 9 10 453 40 1210 166 740 2131 3784 2 1 3 4 7 8 9 1184 235 2319 589 4793 6950 7054
0 0 1 1 2 3 4 41 0 64 40 111 158 207 1 0 2 1 4 6 6 192 0 410 225 300 712 1286
0 0 0 1 1 2 2 25 0 46 40 64 108 147 0 0 1 1 2 3 3 115 0 205 130 416 548 621
0 0 1 0 1 2 3 21 0 43 20 63 103 137 0 0 0 0 1 2 2 82 0 177 40 246 390 558
