47 2 83 2 2 0 26 186 213 230 4797 80 8046 2 2 0 7672 13023 19184 22881 64 1 116 2 2 0 27 251 297 324 437123 178 839388 2 2 0 114244 1965438 2123803 2218822
1 0 3 2 4 2 0 1 6 9 179 0 524 2 4 2 0 211 982 1444 0 0 2 2 4 2 0 1 4 6 347 0 885 2 4 2 0 754 1858 2521
0 0 1 2 4 1 0 2 3 4 38 0 76 2 4 1 0 182 191 196 0 0 1 2 4 1 0 1 3 5 60 0 128 2 4 1 0 229 313 364
0 0 1 3 2 1 0 1 3 4 24 0 59 3 2 1 0 55 127 171 0 0 1 3 2 1 0 1 3 5 64 0 132 3 2 1 0 259 328 370
0 0 0 3 2 0 1 1 1 1 24 0 37 3 2 0 40 49 86 109 0 0 0 3 2 0 1 1 1 1 75 0 108 3 2 0 157 223 261 283
1 1 0 2 1 0 1 2 2 2 45 40 40 2 1 0 70 85 109 124 1 1 1 2 1 0 2 3 3 3 198 169 171 2 1 0 340 433 461 477
1 0 1 3 1 0 2 2 2 2 40 20 43 3 1 0 80 83 101 112 1 1 1 2 2 1 2 3 3 3 186 178 178 2 2 1 322 433 461 477
3 2 3 2 1 0 5 8 10 11 698 100 1426 2 1 0 469 1344 3115 4178 3 2 3 1 2 0 4 8 9 9 2544 444 3537 1 2 0 5356 7363 8444 9092
1 0 1 3 1 0 1 2 4 5 49 20 71 3 1 0 70 106 173 213 1 0 2 3 1 0 2 6 6 6 307 117 488 3 1 0 321 651 1160 1465
1 0 1 3 1 0 1 2 4 5 53 20 74 3 1 0 79 135 187 219 1 0 2 3 1 0 1 6 6 6 236 26 488 3 1 0 191 438 1053 1422
0 0 0 3 2 1 0 1 2 2 25 0 52 3 2 1 30 54 114 150 0 0 1 4 1 1 0 2 2 2 84 0 163 4 1 1 39 316 406 461
0 0 1 3 2 1 0 2 3 3 28 0 50 3 2 1 30 87 123 145 0 0 1 3 2 1 0 2 2 2 95 0 201 3 2 1 60 255 462 587
0 0 1 2 4 3 0 1 2 3 20 0 48 2 4 3 0 51 105 138 0 0 0 2 4 3 0 1 1 1 35 0 82 2 4 3 0 99 185 236
