32 1 71 3318 40 6907 43 0 99 291647 0 715571
0 0 2 124 0 435 0 0 2 255 0 738
0 0 2 131 0 435 0 0 1 245 0 738
0 0 1 28 0 64 0 0 1 56 0 119
0 0 1 36 0 68 0 0 1 71 0 124
0 0 1 29 0 56 0 0 1 80 0 131
0 0 0 27 0 43 0 0 0 84 0 122
0 1 0 35 40 37 1 1 1 156 127 166
0 1 0 38 40 44 1 1 1 155 127 172
1 1 1 72 40 117 1 1 1 837 182 2332
2 1 3 476 40 1206 2 1 2 1731 182 3110
2 1 3 476 40 1206 2 2 2 1765 248 3093
2 1 3 453 40 1210 2 1 3 1184 235 2319
1 0 1 43 0 65 1 0 2 227 0 417
0 0 1 41 0 64 1 0 2 192 0 410
0 0 0 27 0 50 0 0 0 78 0 142
0 0 0 25 0 46 0 0 1 115 0 205
0 0 1 32 0 57 0 0 1 115 0 203
0 0 1 21 0 43 0 0 0 82 0 177
0 0 1 25 0 48 0 0 0 35 0 73
