93 31 97 180 216 228 236 9579 9935 9152 11654 19869 22607 24250 127 28 138 241 302 322 334 874176 149255 1013467 1930246 2141399 2211783 2254014
9 2 11 14 24 27 29 2523 80 4577 884 7346 9499 10792 11 0 13 27 27 27 27 31693 0 58889 9211 93237 121246 138051
0 0 0 2 2 2 2 32 0 39 80 80 80 80 0 0 0 0 1 1 1 71 0 142 0 214 285 328
2 0 4 2 7 9 10 366 0 693 80 1083 1418 1619 2 0 3 2 5 6 7 664 0 1157 357 1920 2441 2754
2 0 4 1 7 8 10 358 0 697 40 1067 1410 1615 1 0 3 1 5 6 7 694 0 1151 509 1981 2472 2766
2 0 4 1 7 8 10 358 0 697 40 1067 1410 1615 1 0 3 1 5 6 7 694 0 1151 509 1981 2472 2766
0 0 0 0 0 0 0 0 0 0 0 0 0 0 0 0 0 0 0 0 0 0 0 0 0 0 0 0
0 0 0 0 0 0 0 0 0 0 0 0 0 0 0 0 0 0 0 0 0 0 0 0 0 0 0 0
0 0 0 0 0 0 0 0 0 0 0 0 0 0 0 0 0 0 0 0 0 0 0 0 0 0 0 0
0 0 0 0 1 1 1 36 0 72 0 108 144 166 0 0 0 0 0 0 0 42 0 84 0 126 168 194
0 0 0 0 1 1 1 36 0 72 0 108 144 166 0 0 0 0 0 0 0 42 0 84 0 126 168 194
1 0 2 0 3 3 4 40 0 80 0 120 159 184 1 0 2 0 3 4 5 79 0 159 0 238 318 366
1 0 1 1 3 4 4 48 0 77 40 136 167 187 1 0 2 1 4 4 5 128 0 164 244 336 367 385
0 0 0 0 0 0 0 8 0 16 0 24 31 36 0 0 0 0 0 0 0 48 0 97 0 146 195 224
0 0 0 0 0 0 0 8 0 16 0 24 31 36 0 0 0 0 0 0 0 48 0 97 0 146 195 224
0 0 0 0 1 1 1 24 0 49 0 74 99 114 0 0 0 0 0 0 0 43 0 86 0 129 171 197
0 1 0 1 1 1 1 41 40 45 41 90 107 117 0 1 0 1 1 1 1 113 52 121 215 265 282 292
0 1 0 1 1 1 1 41 40 45 41 90 107 117 0 1 0 1 1 1 1 113 52 121 215 265 282 292
0 0 0 1 1 1 1 16 0 19 40 40 40 40 0 0 0 1 1 1 1 98 0 125 193 256 277 290
0 0 0 0 0 0 0 8 0 16 0 24 31 36 0 0 0 0 1 1 1 38 0 77 0 115 154 177
0 1 0 1 1 1 1 42 40 48 40 96 115 126 1 1 1 2 2 2 2 139 127 139 193 302 339 361
0 1 0 1 1 1 1 42 40 48 40 96 115 126 1 1 1 1 2 2 2 129 127 137 145 283 329 357
1 1 0 2 2 2 2 58 40 45 80 112 123 129 1 1 1 2 2 2 2 248 232 171 376 443 466 479
1 1 0 2 2 2 2 40 40 35 80 80 80 80 1 1 1 2 2 2 2 229 232 205 427 464 476 484
0 0 0 2 2 2 2 32 0 39 80 80 80 80 1 0 1 2 2 2 2 183 0 225 427 464 476 484
0 0 1 0 1 2 2 24 0 48 0 72 95 110 0 0 1 0 2 3 3 69 0 138 0 208 277 319
0 0 1 1 2 2 2 32 0 46 40 88 103 113 1 1 1 1 2 3 3 154 175 137 248 307 327 339
1 1 1 2 2 2 2 48 40 46 80 104 112 116 1 1 1 2 3 4 4 2026 182 3750 248 5814 7669 8782
3 3 2 6 7 7 7 1114 120 1893 484 3125 4006 4534 3 3 2 5 6 7 7 3574 796 3957 7123 8564 9044 9332
4 3 2 6 7 7 7 1191 425 1855 484 3125 4006 4534 3 3 2 5 6 7 7 3627 796 3917 7123 8564 9044 9332
4 3 4 8 10 11 11 1260 425 1845 951 3312 4099 4572 4 2 4 8 9 9 9 2938 641 3324 6877 7024 7073 7103
3 1 4 3 8 10 11 283 40 370 425 740 845 908 2 1 3 2 6 8 9 1451 52 2715 328 4257 5567 6353
0 0 0 1 1 1 1 24 0 32 40 64 72 76 0 0 0 2 2 2 2 173 0 222 328 454 495 521
0 0 0 1 1 1 1 24 0 32 40 64 72 76 0 0 0 2 2 2 2 173 0 222 328 454 495 521
1 1 2 2 4 5 5 72 40 89 80 176 207 227 1 1 2 2 4 5 5 215 235 202 302 443 490 519
1 1 2 2 4 5 5 74 40 89 92 180 210 228 2 1 3 6 6 6 6 441 235 625 302 1122 1395 1559
1 1 2 2 4 5 5 74 40 89 92 180 210 228 2 1 3 6 6 6 6 418 122 634 302 1122 1395 1559
0 0 0 0 0 0 0 8 0 16 0 24 31 36 0 0 0 0 0 0 0 24 0 48 0 73 97 112
0 1 0 1 1 1 1 41 40 45 41 90 107 117 0 0 0 1 1 1 1 67 0 87 122 177 196 207
0 0 0 1 1 1 1 33 0 48 41 90 107 117 0 0 0 1 1 1 1 53 0 83 52 149 182 201
0 0 0 1 1 1 1 16 0 19 40 40 40 40 0 0 0 1 1 1 1 69 0 115 52 199 247 277
0 0 1 1 2 2 2 42 0 67 40 120 147 163 1 0 1 2 2 2 2 158 0 204 297 417 456 481
0 0 1 0 1 2 2 34 0 69 0 104 139 160 0 0 1 0 1 2 2 99 0 198 0 298 397 457
0 0 0 0 0 0 0 0 0 0 0 0 0 0 0 0 0 0 0 0 0 0 0 0 0 0 0 0
0 0 0 0 0 0 0 8 0 16 0 24 31 36 0 0 0 0 0 0 0 41 0 83 0 125 167 192
0 0 0 1 1 1 1 24 0 32 40 64 72 76 0 0 1 1 2 2 2 175 0 260 209 485 577 633
0 0 0 1 1 1 1 24 0 32 40 64 72 76 0 0 1 1 2 2 2 175 0 260 209 485 577 633
1 1 1 2 3 3 3 56 40 59 80 128 144 153 1 1 1 2 2 2 2 204 80 253 271 510 590 638
1 0 1 1 2 3 3 40 0 61 40 112 135 150 0 0 0 1 1 1 1 70 0 105 80 194 232 255
0 0 0 0 0 0 0 8 0 16 0 24 31 36 0 0 0 0 0 0 0 54 0 108 0 162 216 249
0 0 0 0 0 0 0 0 0 0 0 0 0 0 0 0 0 0 0 0 0 0 0 0 0 0 0 0
0 0 0 0 0 0 0 0 0 0 0 0 0 0 0 0 0 0 0 0 0 0 0 0 0 0 0 0
0 0 0 0 1 1 1 16 0 32 0 48 63 73 0 0 0 0 0 0 0 8 0 16 0 24 31 36
