116 105 96 195 222 231 237 11954 10794 8747 15077 21238 23292 24524 159 134 137 266 312 327 336 1092720 1039750 1022295 2018226 2176591 2229379 2261052
11 8 12 18 25 28 29 3154 482 4919 3576 8423 10038 11007 13 13 13 27 27 27 27 39616 4605 63411 44222 107241 128248 140852
1 1 1 2 2 2 2 40 40 40 80 80 80 80 0 0 0 0 1 1 1 89 0 154 89 249 303 335
0 0 0 0 1 1 1 20 0 34 20 56 67 75 0 0 0 0 1 1 1 89 0 154 89 249 303 335
3 0 4 3 8 9 10 448 20 753 468 1239 1496 1650 2 0 3 2 5 6 7 868 254 1227 1122 2226 2594 2815
3 0 4 3 8 9 10 448 20 753 468 1239 1496 1650 2 0 3 2 5 6 7 868 254 1227 1122 2226 2594 2815
0 0 0 0 0 0 0 0 0 0 0 0 0 0 0 0 0 0 0 0 0 0 0 0 0 0 0 0
0 0 0 0 0 0 0 0 0 0 0 0 0 0 0 0 0 0 0 0 0 0 0 0 0 0 0 0
0 0 0 0 0 0 0 0 0 0 0 0 0 0 0 0 0 0 0 0 0 0 0 0 0 0 0 0
0 0 0 0 1 1 1 45 0 78 45 126 153 170 0 0 0 0 0 0 0 52 0 91 52 147 179 198
0 0 0 0 1 1 1 45 0 78 45 126 153 170 0 0 0 0 0 0 0 52 0 91 52 147 179 198
1 0 2 1 3 4 4 50 0 86 50 140 169 188 1 0 2 1 4 5 5 99 0 172 99 278 338 374
1 0 2 1 3 4 4 50 0 86 50 140 169 188 1 0 2 1 4 5 5 99 0 172 99 278 338 374
0 0 0 0 0 0 0 10 0 17 10 28 33 37 0 0 0 0 0 0 0 61 0 105 61 170 207 229
0 0 0 0 0 0 0 10 0 17 10 28 33 37 0 0 0 0 0 0 0 61 0 105 61 170 207 229
0 0 0 0 0 0 0 0 0 0 0 0 0 0 0 0 0 0 0 0 0 0 0 0 0 0 0 0
0 0 0 1 1 1 1 41 20 50 61 99 111 119 0 0 0 1 1 1 1 66 26 88 92 166 190 205
1 1 0 1 1 1 1 51 40 45 61 99 111 119 0 1 0 1 1 1 1 141 133 120 236 273 286 293
0 0 0 0 0 0 0 10 0 17 10 28 33 37 0 0 0 0 0 0 0 74 0 129 74 209 254 281
0 0 0 0 0 0 0 10 0 17 10 28 33 37 0 0 0 0 1 1 1 48 0 83 48 135 164 181
0 0 0 1 1 1 1 20 20 20 40 40 40 40 0 0 0 1 1 1 1 80 63 83 143 173 183 189
1 1 0 1 1 1 1 53 40 49 63 105 119 128 1 1 1 1 2 2 2 162 136 135 202 306 341 362
1 1 0 1 1 1 1 53 40 49 63 105 119 128 1 1 1 1 2 2 2 188 188 136 268 332 354 367
1 1 0 2 2 2 2 50 60 33 80 80 80 80 1 1 1 2 2 2 2 287 329 190 442 470 479 485
1 1 1 2 2 2 2 40 40 40 80 80 80 80 1 1 1 2 2 2 2 229 213 230 442 470 479 485
0 0 1 0 2 2 2 30 0 51 30 84 101 112 1 0 1 1 2 3 3 86 0 150 86 242 294 326
1 0 1 1 2 2 2 40 20 48 60 96 107 115 1 0 1 1 3 3 3 130 87 143 218 295 321 336
0 0 0 1 1 1 1 30 20 33 50 68 73 77 1 1 0 1 1 1 1 151 178 91 198 228 238 244
2 2 2 3 5 5 5 171 100 185 211 374 429 462 2 2 1 3 4 4 4 2687 522 3954 2978 6906 8215 9001
4 4 2 6 7 7 7 1382 302 2030 1584 3566 4226 4622 4 4 2 5 7 7 7 4521 3959 3896 7723 8804 9164 9380
6 5 4 9 10 11 11 1575 688 1938 1935 3706 4296 4650 5 5 3 8 9 9 9 3673 3759 3334 6938 7049 7086 7108
3 1 4 5 9 10 11 344 212 391 556 793 872 919 2 0 4 3 7 8 9 1732 26 2970 1758 4829 5853 6467
0 0 0 0 0 0 0 10 0 17 10 28 33 37 0 0 0 0 1 1 1 82 0 142 82 229 278 308
0 0 0 1 1 1 1 30 20 33 50 68 73 77 1 1 1 2 2 2 2 216 164 228 380 475 506 525
0 0 0 1 1 1 1 30 20 33 50 68 73 77 0 0 0 1 1 1 1 193 117 220 310 447 492 519
2 1 2 3 4 5 5 93 66 90 129 195 217 231 3 3 3 6 6 6 6 551 268 654 643 1258 1463 1586
2 1 2 3 4 5 5 83 46 98 129 195 217 231 3 3 3 6 6 6 6 492 151 690 643 1258 1463 1586
0 0 0 0 0 0 0 10 0 17 10 28 33 37 0 0 0 0 0 0 0 30 0 52 30 85 103 114
0 0 0 1 1 1 1 41 20 50 61 98 111 118 0 0 0 1 1 1 1 84 61 90 145 187 201 209
0 0 0 1 1 1 1 41 20 50 61 99 111 119 0 0 0 1 1 1 1 66 26 88 92 166 190 205
0 0 0 1 1 1 1 20 20 20 40 40 40 40 0 0 0 1 1 1 1 87 26 122 113 223 260 282
1 0 1 1 2 2 2 53 20 71 73 133 153 165 1 1 1 2 2 2 2 198 148 210 347 437 466 485
0 0 1 0 2 2 2 43 0 75 43 121 147 163 0 0 1 0 2 2 2 124 0 215 124 347 422 467
0 0 0 0 0 0 0 0 0 0 0 0 0 0 0 0 0 0 0 0 0 0 0 0 0 0 0 0
0 0 0 0 0 0 0 0 0 0 0 0 0 0 0 0 0 0 0 0 0 0 0 0 0 0 0 0
0 0 0 0 0 0 0 10 0 17 10 28 33 37 0 0 0 0 0 0 0 52 0 90 52 146 177 196
0 0 0 1 1 1 1 30 20 33 50 68 73 77 1 0 1 1 2 2 2 219 104 273 324 531 600 642
1 1 1 2 3 3 3 60 40 66 100 136 147 155 1 1 1 2 2 2 2 187 40 280 227 493 581 634
1 0 1 1 3 3 3 50 20 65 70 124 141 152 0 0 0 1 1 1 1 87 40 110 127 213 242 259
0 0 0 0 0 0 0 10 0 17 10 28 33 37 0 0 0 0 0 0 0 67 0 117 67 189 230 254
0 0 0 0 0 0 0 0 0 0 0 0 0 0 0 0 0 0 0 0 0 0 0 0 0 0 0 0
0 0 0 0 0 0 0 0 0 0 0 0 0 0 0 0 0 0 0 0 0 0 0 0 0 0 0 0
0 0 0 0 1 1 1 20 0 34 20 56 67 75 0 0 0 0 0 0 0 10 0 17 10 28 33 37
0 0 0 1 1 1 1 46 40 47 86 97 101 103 0 0 0 1 1 1 1 44 20 56 64 109 124 133
