210 210 30 17640 17640 7705 292 292 51 2106207 2106207 175961
0 0 0 0 0 0 0 0 0 0 0 0
6 6 5 896 896 856 4 4 3 1736 1736 1227
0 0 0 0 0 0 0 0 0 0 0 0
1 1 1 90 90 90 0 0 0 105 105 105
2 2 2 100 100 100 3 3 3 199 199 199
0 0 0 0 0 0 0 0 0 0 0 0
1 1 0 40 40 0 1 1 0 175 175 123
0 0 0 20 20 20 1 1 1 96 96 96
0 0 0 20 20 20 0 0 0 72 72 72
0 0 0 0 0 0 0 0 0 0 0 0
0 0 0 20 20 20 1 1 0 211 211 36
4 4 3 2463 2463 2423 5 5 3 3882 3882 3241
0 0 0 20 20 20 1 1 1 164 164 164
0 0 0 20 20 20 0 0 0 117 117 117
0 0 0 20 20 20 0 0 0 61 61 61
0 0 0 20 20 20 0 0 0 26 26 26
1 1 1 87 87 87 1 1 1 248 248 248
0 0 0 0 0 0 0 0 0 0 0 0
0 0 0 0 0 0 0 0 0 0 0 0
0 0 0 0 0 0 0 0 0 0 0 0
0 0 0 0 0 0 0 0 0 0 0 0
