241 241 0 25346 25346 0 343 343 0 2282168 2282168 0
180 180 0 9935 9935 0 241 241 0 1930246 1930246 0
14 14 0 884 884 0 28 28 0 149255 149255 0
31 31 0 11654 11654 0 27 27 0 9211 9211 0
2 2 0 80 80 0 0 0 0 0 0 0
0 0 0 0 0 0 0 0 0 0 0 0
0 0 0 0 0 0 0 0 0 0 0 0
2 2 0 80 80 0 2 2 0 357 357 0
0 0 0 0 0 0 0 0 0 0 0 0
0 0 0 0 0 0 0 0 0 0 0 0
11 11 0 1753 1753 0 8 8 0 2963 2963 0
1 1 0 40 40 0 1 1 0 509 509 0
0 0 0 0 0 0 0 0 0 0 0 0
0 0 0 0 0 0 0 0 0 0 0 0
0 0 0 0 0 0 0 0 0 0 0 0
0 0 0 0 0 0 0 0 0 0 0 0
0 0 0 0 0 0 0 0 0 0 0 0
0 0 0 0 0 0 0 0 0 0 0 0
0 0 0 0 0 0 0 0 0 0 0 0
0 0 0 0 0 0 0 0 0 0 0 0
0 0 0 0 0 0 0 0 0 0 0 0
2 2 0 181 181 0 1 1 0 211 211 0
0 0 0 0 0 0 0 0 0 0 0 0
0 0 0 0 0 0 0 0 0 0 0 0
0 0 0 0 0 0 0 0 0 0 0 0
5 5 0 200 200 0 6 6 0 398 398 0
0 0 0 0 0 0 0 0 0 0 0 0
0 0 0 0 0 0 0 0 0 0 0 0
1 1 0 40 40 0 1 1 0 244 244 0
0 0 0 0 0 0 0 0 0 0 0 0
0 0 0 0 0 0 0 0 0 0 0 0
0 0 0 0 0 0 0 0 0 0 0 0
0 0 0 0 0 0 0 0 0 0 0 0
0 0 0 0 0 0 0 0 0 0 0 0
2 2 0 124 124 0 1 1 0 215 215 0
1 1 0 41 41 0 1 1 0 52 52 0
1 1 0 40 40 0 1 1 0 299 299 0
0 0 0 0 0 0 0 0 0 0 0 0
0 0 0 0 0 0 0 0 0 0 0 0
0 0 0 0 0 0 0 0 0 0 0 0
1 1 0 40 40 0 2 2 0 193 193 0
0 0 0 0 0 0 0 0 0 0 0 0
0 0 0 0 0 0 0 0 0 0 0 0
1 1 0 40 40 0 1 1 0 127 127 0
2 2 0 134 134 0 3 3 0 376 376 0
1 1 0 40 40 0 1 1 0 145 145 0
0 0 0 0 0 0 0 0 0 0 0 0
1 1 0 40 40 0 1 1 0 232 232 0
2 2 0 80 80 0 2 2 0 489 489 0
2 2 0 80 80 0 3 3 0 427 427 0
0 0 0 0 0 0 0 0 0 0 0 0
0 0 0 0 0 0 0 0 0 0 0 0
0 0 0 0 0 0 0 0 0 0 0 0
3 3 0 120 120 0 4 4 0 347 347 0
0 0 0 0 0 0 0 0 0 0 0 0
1 1 0 40 40 0 1 1 0 175 175 0
0 0 0 0 0 0 1 1 0 248 248 0
2 2 0 80 80 0 2 2 0 182 182 0
3 3 0 120 120 0 5 5 0 9525 9525 0
6 6 0 484 484 0 3 3 0 796 796 0
8 8 0 4887 4887 0 8 8 0 7123 7123 0
1 1 0 40 40 0 2 2 0 641 641 0
3 3 0 425 425 0 1 1 0 52 52 0
12 12 0 951 951 0 10 10 0 6877 6877 0
0 0 0 0 0 0 0 0 0 0 0 0
0 0 0 0 0 0 0 0 0 0 0 0
1 1 0 40 40 0 2 2 0 328 328 0
0 0 0 0 0 0 0 0 0 0 0 0
2 2 0 80 80 0 2 2 0 538 538 0
0 0 0 0 0 0 0 0 0 0 0 0
0 0 0 0 0 0 0 0 0 0 0 0
1 1 0 40 40 0 1 1 0 235 235 0
6 6 0 240 240 0 6 6 0 302 302 0
2 2 0 92 92 0 7 7 0 1669 1669 0
0 0 0 0 0 0 0 0 0 0 0 0
0 0 0 0 0 0 0 0 0 0 0 0
1 1 0 40 40 0 1 1 0 122 122 0
0 0 0 0 0 0 0 0 0 0 0 0
0 0 0 0 0 0 0 0 0 0 0 0
2 2 0 124 124 0 1 1 0 215 215 0
1 1 0 41 41 0 0 0 0 0 0 0
0 0 0 0 0 0 1 1 0 52 52 0
0 0 0 0 0 0 0 0 0 0 0 0
1 1 0 40 40 0 2 2 0 297 297 0
0 0 0 0 0 0 0 0 0 0 0 0
3 3 0 174 174 0 3 3 0 497 497 0
0 0 0 0 0 0 0 0 0 0 0 0
0 0 0 0 0 0 0 0 0 0 0 0
0 0 0 0 0 0 0 0 0 0 0 0
0 0 0 0 0 0 0 0 0 0 0 0
0 0 0 0 0 0 0 0 0 0 0 0
0 0 0 0 0 0 0 0 0 0 0 0
1 1 0 40 40 0 1 1 0 209 209 0
0 0 0 0 0 0 0 0 0 0 0 0
2 2 0 80 80 0 3 3 0 670 670 0
0 0 0 0 0 0 0 0 0 0 0 0
0 0 0 0 0 0 0 0 0 0 0 0
4 4 0 160 160 0 2 2 0 80 80 0
1 1 0 40 40 0 1 1 0 271 271 0
0 0 0 0 0 0 0 0 0 0 0 0
0 0 0 0 0 0 0 0 0 0 0 0
0 0 0 0 0 0 0 0 0 0 0 0
0 0 0 0 0 0 0 0 0 0 0 0
0 0 0 0 0 0 0 0 0 0 0 0
0 0 0 0 0 0 0 0 0 0 0 0
0 0 0 0 0 0 0 0 0 0 0 0
0 0 0 0 0 0 0 0 0 0 0 0
2 2 0 80 80 0 1 1 0 40 40 0
0 0 0 0 0 0 0 0 0 0 0 0
1 1 0 105 105 0 2 2 0 139 139 0
