16 0 52 2 15 112 205 1673 0 5153 80 2571 10880 17404 21 0 73 1 27 145 283 145852 0 526571 328 23215 1128800 2078053
0 0 2 0 2 3 7 80 0 314 0 129 191 852 0 0 1 0 1 4 6 163 0 537 0 361 459 1539
0 0 2 0 2 3 7 80 0 314 30 129 191 852 0 0 1 0 1 3 6 163 0 536 39 308 459 1539
0 0 1 1 2 2 3 28 0 54 40 125 159 188 0 0 1 1 1 2 4 70 0 121 108 249 341 385
0 0 1 1 2 2 3 36 0 55 40 125 159 188 0 0 1 1 2 3 4 113 0 153 214 378 413 453
0 0 1 1 2 2 3 33 0 50 40 120 129 161 0 0 1 1 3 3 4 118 0 158 227 378 413 453
0 0 1 1 2 3 4 50 20 91 70 120 129 280 1 1 1 1 3 3 4 460 89 1693 244 433 657 4462
1 1 2 2 3 7 9 256 40 881 80 430 740 2604 1 1 2 2 4 6 8 943 160 2338 368 1404 7012 8131
1 1 2 2 3 7 9 257 40 881 80 430 740 2604 1 1 2 2 4 6 8 960 178 2334 414 1404 7012 8131
1 1 2 2 6 7 9 262 40 880 89 430 740 2604 2 1 2 2 6 7 8 1011 207 2332 473 2189 7012 8131
1 1 2 2 6 7 9 260 40 881 113 430 740 2604 1 1 2 2 6 7 8 979 148 2342 342 2189 7012 8131
1 1 2 2 6 7 9 258 40 881 89 430 740 2604 1 1 2 2 6 7 8 979 148 2342 321 2189 7012 8131
1 0 2 1 3 7 9 240 0 882 70 258 714 2604 1 0 2 2 6 7 8 631 0 1734 300 743 4533 6980
0 0 1 1 2 2 4 34 0 57 40 95 151 201 1 0 1 1 3 4 6 171 0 333 230 501 610 1089
0 0 1 1 2 3 4 37 0 61 40 127 167 201 0 0 1 1 3 4 6 153 0 326 213 321 592 1089
0 0 0 1 2 2 3 24 0 47 40 84 143 165 0 0 0 1 2 2 3 80 0 160 73 273 406 569
0 0 0 1 2 2 3 25 0 47 40 82 135 165 0 0 0 1 2 2 3 75 0 159 49 273 406 569
