47 2 83 26 186 213 230 4797 80 8046 7672 13023 19184 22881 64 1 116 27 251 297 324 437123 178 839388 114244 1965438 2123803 2218822
1 0 3 0 1 6 9 179 0 524 0 211 982 1444 0 0 2 0 1 4 6 347 0 885 0 754 1858 2521
0 0 1 0 2 3 4 42 0 75 30 182 191 196 0 0 1 0 1 3 5 85 0 137 158 259 328 370
0 0 0 0 1 1 1 20 0 38 30 49 86 109 0 0 0 0 1 1 1 56 0 103 39 223 261 283
1 1 0 1 2 2 2 45 40 40 70 85 109 124 1 1 1 2 3 3 3 198 169 171 340 433 461 477
1 0 1 2 3 4 5 84 20 141 110 156 320 418 1 1 1 2 4 4 4 1127 178 2808 322 1668 5596 7953
2 1 3 2 8 10 11 642 40 1444 338 1344 3115 4178 2 1 3 2 8 9 9 1555 190 2731 615 6901 7012 7078
1 0 1 1 2 4 5 53 20 74 79 135 187 219 1 0 2 1 6 6 6 254 61 484 230 438 1053 1422
0 0 0 0 1 2 2 25 0 52 30 54 114 150 0 0 1 0 2 2 2 84 0 163 39 316 406 461
0 0 1 1 2 3 3 32 0 49 40 87 123 145 0 0 1 1 2 2 2 123 0 205 176 310 490 598
0 0 0 0 1 1 1 18 0 37 0 82 93 100 0 0 0 0 1 1 1 17 0 42 0 49 94 121
