93 31 97 9579 9935 9152 127 28 138 874176 149255 1013467
0 0 0 16 0 32 0 0 0 71 0 142
2 0 4 358 0 697 1 0 3 694 0 1151
0 0 0 0 0 0 0 0 0 0 0 0
0 0 0 36 0 72 0 0 0 42 0 84
1 0 1 48 0 77 1 0 2 128 0 164
0 0 0 24 0 49 0 0 0 43 0 86
0 0 0 16 0 19 0 0 0 70 0 116
0 1 0 42 40 48 1 1 1 139 127 139
1 1 0 48 40 29 1 1 1 258 232 179
0 0 1 24 0 48 0 0 1 69 0 138
2 2 2 144 80 174 2 2 1 2185 248 3677
4 3 4 1260 425 1845 4 2 4 2938 641 3324
0 0 0 24 0 32 0 0 0 173 0 222
1 1 2 74 40 89 2 1 3 441 235 625
0 0 0 32 0 48 0 0 0 67 0 87
0 0 0 16 0 19 0 0 0 69 0 115
0 0 1 34 0 69 0 0 1 99 0 198
0 0 0 24 0 32 0 0 1 175 0 260
1 0 1 40 0 61 0 0 0 70 0 105
0 0 0 0 0 0 0 0 0 0 0 0
0 0 0 37 0 46 0 0 0 35 0 53
