47 2 83 4797 80 8046 64 1 116 437123 178 839388 0 0 2 102 0 380 0 0 1 202 0 647
1 0 3 179 0 524 0 0 2 347 0 885 0 0 1 27 0 61 0 0 1 53 0 112
0 0 1 42 0 75 0 0 1 85 0 137 0 0 1 32 0 54 0 0 1 95 0 135
0 0 0 20 0 38 0 0 0 56 0 103 0 0 0 32 20 40 0 0 1 134 26 164
1 1 0 45 40 40 1 1 1 198 169 171 2 1 3 369 40 1061 2 1 2 1362 207 2769
1 0 1 84 20 141 1 1 1 1127 178 2808 2 1 3 375 40 1060 2 1 2 1434 241 2757
2 1 3 642 40 1444 2 1 3 1555 190 2731 0 0 1 36 0 58 1 0 1 187 0 372
1 0 1 53 20 74 1 0 2 254 61 484 0 0 0 26 0 46 0 0 0 103 0 184
0 0 0 25 0 52 0 0 1 84 0 163 0 0 1 24 0 51 0 0 0 86 0 183
0 0 1 32 0 49 0 0 1 123 0 205 0 0 1 24 0 47 0 0 0 33 0 72
