0 0 1 22 12 13 23 0 91 22 12 13 0 0 1 22 12 13 58 0 235 22 12 13
0 0 1 19 14 14 16 0 77 19 14 14 0 0 1 19 14 14 41 0 189 19 14 14
0 0 1 17 16 14 16 0 77 17 16 14 0 0 1 17 16 14 39 0 188 17 16 14
0 0 1 17 16 15 16 0 77 17 16 15 0 0 1 17 16 15 41 0 190 17 16 15
0 0 1 18 15 15 16 0 77 18 15 15 0 0 1 18 15 15 39 0 189 18 15 15
0 0 1 17 16 15 15 0 76 17 16 15 0 0 1 17 16 15 36 0 185 17 16 15
0 0 1 16 17 16 14 0 75 16 17 16 0 0 1 16 17 16 34 0 181 16 17 16
0 0 1 15 18 19 14 0 75 15 18 19 0 0 1 15 18 19 34 0 181 15 18 19
0 0 1 14 20 21 13 0 74 14 20 21 0 0 1 14 20 21 32 0 179 14 20 21
0 0 1 12 23 21 12 0 74 12 23 21 0 0 1 12 23 21 30 0 178 12 23 21
0 0 1 13 21 21 13 0 74 13 21 21 0 0 1 13 21 21 31 0 179 13 21 21
0 0 1 15 18 20 10 0 61 15 18 20 0 0 1 15 18 20 25 0 150 15 18 20
0 0 1 16 17 18 10 0 65 16 17 18 0 0 1 16 17 18 25 0 142 16 17 18
0 0 1 18 15 16 11 0 65 18 15 16 0 0 1 18 15 16 26 0 142 18 15 16
0 0 1 19 14 16 13 0 73 19 14 16 0 0 1 19 14 16 31 0 157 19 14 16
0 0 1 18 15 16 11 0 68 18 15 16 0 0 1 18 15 16 26 0 143 18 15 16
0 0 1 19 14 15 12 0 67 19 14 15 0 0 1 19 14 15 27 0 141 19 14 15
0 0 1 21 13 14 12 0 67 21 13 14 0 0 1 21 13 14 28 0 142 21 13 14
0 0 1 19 14 15 11 0 67 19 14 15 0 0 1 19 14 15 26 0 139 19 14 15
0 0 1 16 17 17 11 0 66 16 17 17 0 0 1 16 17 17 24 0 138 16 17 17
0 0 1 17 16 16 11 0 66 17 16 16 0 0 1 17 16 16 24 0 138 17 16 16
0 0 1 20 13 14 18 0 90 20 13 14 0 0 1 20 13 14 42 0 220 20 13 14
0 0 1 22 12 13 20 0 97 22 12 13 0 0 1 22 12 13 48 0 233 22 12 13
0 0 1 21 13 13 20 0 97 21 13 13 0 0 1 21 13 13 46 0 232 21 13 13
0 0 1 21 13 14 20 0 97 21 13 14 0 0 1 21 13 14 46 0 232 21 13 14
0 0 1 21 13 14 20 0 97 21 13 14 0 0 1 21 13 14 48 0 232 21 13 14
0 0 1 19 14 15 20 0 97 19 14 15 0 0 1 19 14 15 45 0 231 19 14 15
0 0 1 18 15 16 18 0 84 18 15 16 0 0 1 18 15 16 43 0 212 18 15 16
0 0 1 18 15 16 19 0 85 18 15 16 0 0 1 18 15 16 44 0 214 18 15 16
0 0 1 17 16 17 16 0 78 17 16 17 0 0 1 17 16 17 39 0 204 17 16 17
0 0 1 16 17 19 16 0 79 16 17 19 0 0 1 16 17 19 40 0 205 16 17 19
0 0 1 17 16 19 17 0 83 17 16 19 0 0 1 17 16 19 41 0 209 17 16 19
0 0 1 15 18 19 17 0 82 15 18 19 0 0 1 15 18 19 40 0 208 15 18 19
0 0 1 15 18 20 17 0 82 15 18 20 0 0 1 15 18 20 40 0 208 15 18 20
0 0 1 15 18 22 17 0 82 15 18 22 0 0 1 15 18 22 40 0 208 15 18 22
0 0 1 18 15 21 18 0 84 18 15 21 0 0 1 18 15 21 42 0 209 18 15 21
0 0 0 15 18 22 11 0 56 15 18 22 0 0 0 15 18 22 24 0 121 15 18 22
0 0 0 13 21 23 8 0 44 13 21 23 0 0 0 13 21 23 19 0 93 13 21 23
0 0 1 15 18 22 13 0 69 15 18 22 0 0 1 15 18 22 28 0 134 15 18 22
0 0 1 15 18 22 14 0 70 15 18 22 0 0 1 15 18 22 29 0 136 15 18 22
0 0 1 14 20 23 14 0 70 14 20 23 0 0 1 14 20 23 29 0 136 14 20 23
0 0 1 15 18 22 22 0 110 15 18 22 0 0 1 15 18 22 50 0 277 15 18 22
0 0 1 15 18 22 20 0 109 15 18 22 0 0 1 15 18 22 46 0 273 15 18 22
0 0 1 14 20 20 19 0 108 14 20 20 0 0 1 14 20 20 44 0 272 14 20 20
0 0 1 15 18 19 24 0 117 15 18 19 0 0 1 15 18 19 58 0 310 15 18 19
0 0 1 15 18 19 24 0 117 15 18 19 0 0 1 15 18 19 59 0 314 15 18 19
0 0 1 15 18 17 23 0 115 15 18 17 0 0 1 15 18 17 57 0 312 15 18 17
0 0 1 17 16 13 24 0 115 17 16 13 0 0 1 17 16 13 59 0 313 17 16 13
0 0 1 17 16 12 24 0 115 17 16 12 0 0 1 17 16 12 59 0 313 17 16 12
0 0 1 16 17 14 24 0 115 16 17 14 0 0 1 16 17 14 59 0 313 16 17 14
0 0 1 13 21 16 22 0 115 13 21 16 0 0 1 13 21 16 56 0 312 13 21 16
0 0 1 13 21 19 22 0 115 13 21 19 0 0 1 13 21 19 56 0 312 13 21 19
0 0 1 13 21 25 22 0 115 13 21 25 0 0 1 13 21 25 56 0 312 13 21 25
0 0 1 12 23 29 18 0 103 12 23 29 0 0 1 12 23 29 50 0 300 12 23 29
0 0 1 11 25 29 17 0 102 11 25 29 0 0 1 11 25 29 49 0 299 11 25 29
0 0 1 11 25 29 17 0 102 11 25 29 0 0 1 11 25 29 48 0 298 11 25 29
0 0 0 9 31 30 9 0 54 9 31 30 0 0 0 9 31 30 26 0 175 9 31 30
0 0 0 9 31 30 10 0 61 9 31 30 0 0 0 9 31 30 30 0 188 9 31 30
0 0 0 9 31 31 10 0 61 9 31 31 0 0 0 9 31 31 30 0 188 9 31 31
0 0 0 7 41 33 6 0 41 7 41 33 0 0 0 7 41 33 16 0 111 7 41 33
0 0 0 7 41 36 5 0 38 7 41 36 0 0 0 7 41 36 13 0 96 7 41 36
0 0 0 6 48 42 4 0 37 6 48 42 0 0 0 6 48 42 11 0 92 6 48 42
0 0 0 4 73 41 3 0 34 4 73 41 0 0 0 4 73 41 9 0 90 4 73 41
0 0 0 4 73 44 3 0 34 4 73 44 0 0 0 4 73 44 9 0 90 4 73 44
0 0 0 5 58 48 4 0 35 5 58 48 0 0 0 5 58 48 10 0 91 5 58 48
0 0 0 5 58 44 4 0 35 5 58 44 0 0 0 5 58 44 10 0 91 5 58 44
0 0 0 5 58 44 4 0 35 5 58 44 0 0 0 5 58 44 10 0 91 5 58 44
0 0 0 5 58 47 4 0 35 5 58 47 0 0 0 5 58 47 10 0 91 5 58 47
0 0 0 6 48 50 9 0 63 6 48 50 0 0 0 6 48 50 18 0 137 6 48 50
0 0 1 8 36 48 11 0 69 8 36 48 0 0 1 8 36 48 23 0 145 8 36 48
0 0 1 8 36 47 14 0 93 8 36 47 0 0 1 8 36 47 32 0 219 8 36 47
0 0 1 9 31 46 17 0 96 9 31 46 0 0 1 9 31 46 41 0 234 9 31 46
0 0 1 10 28 39 15 0 91 10 28 39 0 0 1 10 28 39 36 0 222 10 28 39
0 0 1 11 25 32 20 0 114 11 25 32 0 0 1 11 25 32 46 0 267 11 25 32
0 0 1 12 23 27 20 0 114 12 23 27 0 0 1 12 23 27 47 0 267 12 23 27
0 0 1 12 23 23 20 0 115 12 23 23 0 0 1 12 23 23 49 0 268 12 23 23
0 0 1 14 19 20 22 0 117 14 19 20 0 0 1 14 19 20 54 0 276 14 19 20
0 0 2 16 17 17 29 0 145 16 17 17 0 0 2 16 17 17 68 0 325 16 17 17
0 0 2 17 16 17 30 0 145 17 16 17 0 0 2 17 16 17 69 0 326 17 16 17
0 0 2 17 15 15 37 0 166 17 15 15 0 0 2 17 15 15 83 0 363 17 15 15
0 0 2 17 15 11 37 0 166 17 15 11 0 0 2 17 15 11 83 0 363 17 15 11
0 0 2 17 15 11 37 0 166 17 15 11 0 0 2 17 15 11 83 0 363 17 15 11
0 0 2 17 15 15 37 0 166 17 15 15 0 0 2 17 15 15 83 0 363 17 15 15
0 0 2 16 17 17 31 0 158 16 17 17 0 0 2 16 17 17 72 0 348 16 17 17
0 0 2 14 19 18 29 0 156 14 19 18 0 0 2 14 19 18 68 0 345 14 19 18
0 0 2 14 19 18 26 0 143 14 19 18 0 0 2 14 19 18 59 0 305 14 19 18
0 0 2 12 23 19 23 0 141 12 23 19 0 0 2 12 23 19 50 0 294 12 23 19
0 0 2 11 25 21 22 0 141 11 25 21 0 0 2 11 25 21 49 0 294 11 25 21
0 0 2 13 21 22 22 0 132 13 21 22 0 0 2 12 23 22 48 0 274 12 23 22
0 0 2 12 23 21 22 0 131 12 23 21 0 0 2 11 25 21 48 0 274 11 25 21
0 0 2 11 25 23 21 0 131 11 25 23 0 0 2 10 28 23 46 0 273 10 28 23
0 0 2 10 28 27 19 0 129 10 28 27 0 0 2 9 31 26 41 0 265 9 31 26
0 0 1 8 36 30 12 0 96 8 36 30 0 0 1 7 41 29 27 0 200 7 41 29
0 0 1 8 35 34 16 0 103 8 35 34 0 0 1 7 40 33 35 0 213 7 40 33
0 0 0 7 41 31 9 0 61 7 41 31 0 0 0 6 47 29 20 0 135 6 47 29
0 0 0 7 41 29 9 0 61 7 41 29 0 0 0 6 47 26 20 0 135 6 47 26
0 0 0 7 41 31 9 0 61 7 41 31 0 0 0 6 47 28 20 0 135 6 47 28
0 0 0 8 35 33 9 0 61 8 35 33 0 0 0 7 40 33 22 0 138 7 40 33
0 0 0 7 41 33 9 0 61 7 41 33 0 0 0 6 47 31 21 0 138 6 47 31
0 0 1 10 28 33 12 0 65 10 28 33 0 0 1 9 31 34 25 0 142 9 31 34
0 0 1 9 31 32 11 0 65 9 31 32 0 0 1 8 35 32 24 0 141 8 35 32
0 0 1 12 23 29 12 0 66 12 23 29 0 0 1 11 25 30 26 0 143 11 25 30
0 0 1 16 17 27 14 0 69 16 17 27 0 0 1 15 18 28 31 0 149 15 18 28
0 0 0 13 21 27 10 0 50 13 21 27 0 0 0 13 21 27 21 0 104 13 21 27
0 0 0 14 20 23 11 0 50 14 20 23 0 0 0 14 20 23 22 0 104 14 20 23
0 0 0 14 20 21 11 0 50 14 20 21 0 0 0 14 20 21 23 0 105 14 20 21
0 0 0 18 15 18 13 0 53 18 15 18 0 0 0 18 15 18 27 0 111 18 15 18
0 0 0 22 12 17 14 0 54 22 12 17 0 0 0 22 12 17 30 0 114 22 12 17
0 0 0 23 11 16 14 0 53 23 11 16 0 0 0 23 11 16 28 0 103 23 11 16
0 0 0 26 10 12 15 0 56 26 10 12 0 0 0 26 10 12 32 0 116 26 10 12
0 0 0 28 9 10 16 0 58 28 9 10 0 0 0 28 9 10 34 0 120 28 9 10
0 0 0 29 9 10 17 0 59 29 9 10 0 0 0 29 9 10 36 0 121 29 9 10
0 0 0 29 9 9 17 0 59 29 9 9 0 0 0 29 9 9 35 0 119 29 9 9
0 0 0 29 9 10 17 0 59 29 9 10 0 0 0 29 9 10 35 0 119 29 9 10
0 0 0 29 9 11 17 0 59 29 9 11 0 0 0 29 9 11 35 0 119 29 9 11
0 0 0 28 9 11 17 0 59 28 9 11 0 0 0 28 9 11 35 0 119 28 9 11
0 0 1 28 9 12 21 0 70 28 9 12 0 0 1 28 9 12 47 0 184 28 9 12
0 0 1 25 10 12 19 0 69 25 10 12 0 0 1 25 10 12 43 0 181 25 10 12
0 0 1 29 9 12 25 0 86 29 9 12 0 0 1 29 9 12 55 0 219 29 9 12
0 0 1 28 9 11 24 0 86 28 9 11 0 0 1 28 9 11 55 0 219 28 9 11
0 0 1 28 9 12 25 0 86 28 9 12 0 0 1 28 9 12 57 0 220 28 9 12
0 0 1 30 8 12 26 0 88 30 8 12 0 0 1 30 8 12 58 0 222 30 8 12
0 0 1 27 9 12 25 0 87 27 9 12 0 0 1 27 9 12 56 0 222 27 9 12
0 0 1 26 10 12 21 0 81 26 10 12 0 0 1 26 10 12 50 0 215 26 10 12
0 0 1 25 10 13 21 0 80 25 10 13 0 0 1 25 10 13 48 0 210 25 10 13
0 0 1 23 11 14 20 0 78 23 11 14 0 0 1 23 11 14 46 0 208 23 11 14
0 0 1 25 10 14 25 0 90 25 10 14 0 0 1 25 10 14 62 0 247 25 10 14
0 0 1 27 9 12 28 0 95 27 9 12 0 0 1 27 9 12 70 0 256 27 9 12
0 0 1 30 8 11 36 0 107 30 8 11 0 0 1 30 8 10 90 0 300 30 8 10
0 0 1 29 8 11 35 0 106 29 8 11 0 0 1 29 8 11 88 0 300 29 8 11
0 0 1 30 8 10 35 0 107 30 8 10 0 0 1 30 8 10 90 0 301 30 8 10
0 0 1 28 9 11 31 0 99 28 9 11 0 0 1 28 9 11 77 0 267 28 9 11
0 0 1 27 9 13 30 0 99 27 9 13 0 0 1 27 9 13 76 0 267 27 9 13
0 0 1 23 11 16 25 0 85 23 11 16 0 0 1 23 11 16 64 0 238 23 11 16
0 0 1 23 11 19 25 0 85 23 11 19 0 0 1 23 11 19 64 0 238 23 11 19
0 0 1 21 12 24 24 0 84 21 12 24 0 0 1 21 12 24 61 0 236 21 12 24
0 0 1 18 15 28 22 0 82 18 15 28 0 0 1 18 15 28 57 0 233 18 15 28
0 0 1 20 13 27 26 0 88 20 13 27 0 0 1 20 13 27 63 0 237 20 13 27
0 0 1 19 13 27 32 0 106 19 13 27 0 0 1 19 13 27 79 0 278 19 13 27
0 0 1 18 14 28 31 0 106 18 14 28 0 0 1 18 14 28 77 0 277 18 14 28
0 0 1 19 13 27 32 0 106 19 13 27 0 0 1 19 13 27 78 0 278 19 13 27
0 0 1 20 13 27 29 0 100 20 13 27 0 0 1 20 13 27 66 0 247 20 13 27
0 0 1 18 14 28 28 0 99 18 14 28 0 0 1 18 14 28 68 0 268 18 14 28
0 0 1 17 16 29 24 0 92 17 16 29 0 0 1 17 16 29 55 0 231 17 16 29
0 0 1 15 18 30 22 0 90 15 18 30 0 0 1 15 18 30 52 0 228 15 18 30
0 0 1 15 18 27 22 0 90 15 18 27 0 0 1 15 18 27 51 0 227 15 18 27
0 0 1 15 18 23 22 0 90 15 18 23 0 0 1 15 18 23 51 0 227 15 18 23
0 0 1 17 16 19 23 0 91 17 16 19 0 0 1 17 16 19 56 0 232 17 16 19
0 0 1 18 15 16 27 0 98 18 15 16 0 0 1 18 15 16 62 0 245 18 15 16
0 0 1 21 12 13 29 0 100 21 12 13 0 0 1 21 12 13 66 0 248 21 12 13
0 0 1 21 12 13 29 0 100 21 12 13 0 0 1 21 12 13 66 0 248 21 12 13
0 0 1 20 13 15 28 0 100 20 13 15 0 0 1 20 13 15 65 0 248 20 13 15
0 0 1 17 16 18 23 0 95 17 16 18 0 0 1 17 16 18 58 0 243 17 16 18
0 0 1 17 16 20 17 0 73 17 16 20 0 0 1 17 16 20 41 0 194 17 16 20
0 0 1 17 16 20 17 0 73 17 16 20 0 0 1 17 16 20 41 0 194 17 16 20
0 0 1 18 15 20 21 0 94 18 15 20 0 0 1 18 15 20 51 0 235 18 15 20
0 0 1 15 18 21 19 0 91 15 18 21 0 0 1 15 18 21 47 0 235 15 18 21
0 0 1 16 17 21 19 0 94 16 17 21 0 0 1 16 17 21 41 0 207 16 17 21
0 0 1 17 16 21 18 0 89 17 16 21 0 0 1 17 16 21 40 0 195 17 16 21
0 0 1 21 13 19 19 0 89 21 13 19 0 0 1 21 13 19 42 0 196 21 13 19
0 0 1 21 13 18 19 0 89 21 13 18 0 0 1 21 13 18 42 0 195 21 13 18
0 0 1 21 13 18 19 0 89 21 13 18 0 0 1 21 13 18 42 0 195 21 13 18
0 0 1 19 14 18 18 0 88 19 14 18 0 0 1 19 14 18 37 0 190 19 14 18
0 0 1 18 15 20 15 0 80 18 15 20 0 0 1 18 15 20 31 0 171 18 15 20
0 0 1 16 17 21 13 0 77 16 17 21 0 0 1 16 17 21 27 0 166 16 17 21
0 0 1 17 16 17 13 0 78 17 16 17 0 0 1 17 16 17 29 0 168 17 16 17
0 0 1 18 15 15 14 0 79 18 15 15 0 0 1 18 15 15 31 0 172 18 15 15
0 0 1 20 13 14 15 0 79 20 13 14 0 0 1 20 13 14 32 0 172 20 13 14
0 0 1 19 14 14 14 0 79 19 14 14 0 0 1 19 14 14 31 0 171 19 14 14
0 0 1 21 13 14 18 0 82 21 13 14 0 0 1 21 13 14 38 0 178 21 13 14
0 0 0 22 12 14 14 0 57 22 12 14 0 0 0 22 12 14 29 0 116 22 12 14
0 0 0 22 12 13 13 0 56 22 12 13 0 0 0 22 12 13 28 0 110 22 12 13
0 0 0 21 13 13 14 0 58 21 13 13 0 0 0 21 13 13 29 0 117 21 13 13
0 0 0 18 15 14 12 0 54 18 15 14 0 0 0 18 15 14 24 0 107 18 15 14
0 0 1 17 16 13 13 0 68 17 16 13 0 0 1 17 16 13 28 0 136 17 16 13
0 0 1 17 16 13 14 0 69 17 16 13 0 0 1 17 16 13 29 0 139 17 16 13
0 0 1 17 16 14 14 0 69 17 16 14 0 0 1 17 16 14 29 0 139 17 16 14
0 0 1 19 14 12 19 0 79 19 14 12 0 0 1 19 14 12 43 0 200 19 14 12
0 0 1 21 12 10 21 0 82 21 12 10 0 0 1 21 12 10 47 0 204 21 12 10
0 0 1 22 12 10 21 0 82 22 12 10 0 0 1 22 12 10 47 0 204 22 12 10
0 0 1 20 13 12 21 0 81 20 13 12 0 0 1 20 13 12 46 0 202 20 13 12
0 0 1 21 12 12 20 0 80 21 12 12 0 0 1 21 12 12 44 0 200 21 12 12
0 0 1 21 12 13 20 0 80 21 12 13 0 0 1 21 12 12 44 0 200 21 12 12
0 0 1 21 12 12 20 0 80 21 12 12 0 0 1 21 12 12 44 0 200 21 12 12
0 0 1 20 13 13 18 0 79 20 13 13 0 0 1 20 13 13 40 0 196 20 13 13
0 0 1 19 14 12 17 0 79 19 14 12 0 0 1 19 14 12 39 0 195 19 14 12
0 0 1 18 15 14 17 0 79 18 15 14 0 0 1 18 15 14 38 0 195 18 15 14
0 0 1 17 16 16 23 0 130 17 16 16 0 0 1 17 16 16 49 0 272 17 16 16
0 0 1 16 17 16 23 0 130 16 17 16 0 0 1 16 17 16 49 0 272 16 17 16
0 0 1 15 18 17 20 0 123 15 18 17 0 0 1 15 18 17 43 0 259 15 18 17
0 0 1 19 14 16 22 0 125 19 14 16 0 0 1 19 14 16 47 0 262 19 14 16
0 0 1 23 11 15 26 0 128 23 11 15 0 0 1 23 11 15 55 0 269 23 11 15
0 0 1 23 11 14 23 0 127 23 11 14 0 0 1 23 11 14 45 0 235 23 11 14
0 0 1 23 11 14 22 0 125 23 11 14 0 0 1 23 11 14 41 0 233 23 11 14
0 0 1 24 11 13 23 0 127 24 11 13 0 0 1 24 11 13 45 0 236 24 11 13
0 0 1 26 10 12 25 0 128 26 10 12 0 0 1 26 10 12 47 0 237 26 10 12
0 0 1 26 10 12 25 0 128 26 10 12 0 0 1 26 10 12 47 0 237 26 10 12
0 0 1 26 10 12 25 0 128 26 10 12 0 0 1 26 10 12 50 0 241 26 10 12
0 0 2 30 8 11 43 0 190 30 8 11 0 0 2 30 8 11 92 0 389 30 8 11
0 0 2 29 9 11 42 0 189 29 9 11 0 0 2 29 9 11 90 0 388 29 9 11
0 0 3 29 8 10 52 0 211 29 8 10 0 0 3 29 8 10 114 0 448 29 8 10
0 0 3 32 7 8 54 0 212 32 7 8 0 0 3 32 7 8 117 0 448 32 7 8
0 0 2 33 7 8 46 0 182 33 7 8 0 0 2 33 7 8 102 0 403 33 7 8
0 0 2 33 7 7 46 0 182 33 7 7 0 0 2 33 7 7 102 0 403 33 7 7
0 0 2 32 8 8 46 0 182 32 8 8 0 0 2 32 8 9 102 0 403 32 8 9
0 0 2 30 8 8 46 0 184 30 8 8 0 0 2 30 8 9 103 0 405 30 8 9
0 0 2 27 9 9 43 0 182 27 9 9 0 0 2 27 9 9 96 0 401 27 9 9
0 0 2 24 11 11 40 0 179 24 11 11 0 0 2 24 11 11 91 0 398 24 11 11
0 0 2 22 12 14 46 0 196 22 12 14 0 0 2 22 12 14 103 0 426 22 12 14
0 0 2 22 12 14 46 0 198 22 12 14 0 0 2 22 12 14 103 0 430 22 12 14
0 0 2 21 12 14 45 0 197 21 12 14 0 0 2 21 12 14 104 0 430 21 12 14
0 0 2 21 12 14 45 0 197 21 12 14 0 0 2 21 12 14 103 0 430 21 12 14
0 0 2 20 13 14 46 0 197 20 13 14 0 0 2 20 13 14 103 0 429 20 13 14
0 0 2 18 15 15 29 0 140 18 15 15 0 0 2 18 15 15 63 0 306 18 15 15
0 0 2 17 16 15 29 0 140 17 16 15 0 0 2 17 16 15 63 0 306 17 16 15
0 0 1 16 17 15 19 0 103 16 17 15 0 0 1 16 17 15 42 0 206 16 17 15
0 0 1 14 20 16 18 0 102 14 20 16 0 0 1 14 20 16 38 0 203 14 20 16
0 0 1 12 23 18 17 0 101 12 23 18 0 0 1 12 23 18 36 0 201 12 23 18
0 0 1 12 23 21 17 0 101 12 23 21 0 0 1 12 23 21 36 0 201 12 23 21
0 0 1 11 25 26 17 0 101 11 25 26 0 0 1 11 25 26 36 0 201 11 25 26
0 0 1 10 28 27 15 0 95 10 28 27 0 0 1 10 28 27 32 0 194 10 28 27
0 0 1 10 28 25 15 0 95 10 28 25 0 0 1 10 28 25 32 0 194 10 28 25
0 0 1 10 28 26 15 0 95 10 28 26 0 0 1 10 28 26 32 0 194 10 28 26
0 0 0 9 32 30 8 0 47 9 32 30 0 0 0 9 32 30 19 0 109 9 32 30
0 0 0 10 28 30 11 0 58 10 28 30 0 0 0 10 28 30 27 0 132 10 28 30
0 0 0 8 36 31 10 0 57 8 36 31 0 0 0 8 36 31 23 0 128 8 36 31
0 0 1 10 28 31 16 0 81 10 28 31 0 0 1 10 28 31 35 0 163 10 28 31
0 0 1 10 28 31 20 0 104 10 28 31 0 0 1 10 28 31 42 0 205 10 28 31
0 0 1 9 31 31 19 0 103 9 31 31 0 0 1 9 31 31 39 0 201 9 31 31
0 0 1 9 31 32 19 0 103 9 31 32 0 0 1 9 31 32 39 0 201 9 31 32
0 0 1 8 35 31 18 0 101 8 35 31 0 0 1 8 35 31 36 0 198 8 35 31
0 0 1 8 35 31 18 0 101 8 35 31 0 0 1 8 35 31 36 0 198 8 35 31
0 0 1 8 35 34 18 0 101 8 35 34 0 0 1 8 35 34 36 0 198 8 35 34
0 0 1 11 25 33 20 0 102 11 25 33 0 0 1 11 25 33 40 0 201 11 25 33
0 0 1 11 25 33 20 0 102 11 25 33 0 0 1 11 25 33 40 0 201 11 25 33
0 0 1 12 23 31 23 0 108 12 23 31 0 0 1 12 23 31 50 0 238 12 23 31
0 0 1 12 23 29 23 0 108 12 23 29 0 0 1 12 23 29 50 0 238 12 23 29
0 0 1 12 23 29 23 0 108 12 23 29 0 0 1 12 23 29 50 0 238 12 23 29
0 0 1 14 19 29 31 0 125 14 19 29 0 0 1 14 19 29 70 0 281 14 19 29
0 0 1 13 21 28 26 0 117 13 21 28 0 0 1 13 21 28 59 0 264 13 21 28
0 0 1 13 21 29 26 0 117 13 21 29 0 0 1 13 21 29 59 0 264 13 21 29
0 0 1 11 25 33 19 0 102 11 25 33 0 0 1 11 25 33 47 0 246 11 25 33
0 0 1 10 28 35 16 0 81 10 28 35 0 0 1 10 28 35 42 0 227 10 28 35
0 0 1 12 23 29 19 0 87 12 23 29 0 0 1 12 23 29 50 0 241 12 23 29
0 0 1 13 21 25 19 0 88 13 21 25 0 0 1 13 21 25 51 0 242 13 21 25
0 0 1 13 21 23 19 0 88 13 21 23 0 0 1 13 21 23 51 0 242 13 21 23
0 0 1 14 19 21 20 0 88 14 19 21 0 0 1 14 20 21 53 0 245 14 20 21
0 0 1 15 18 21 21 0 90 15 18 21 0 0 1 15 18 21 56 0 248 15 18 21
0 0 1 15 18 20 22 0 91 15 18 20 0 0 1 15 18 21 58 0 251 15 18 21
0 0 1 16 17 19 23 0 92 16 17 19 0 0 1 16 17 20 61 0 256 16 17 20
0 0 1 14 20 20 18 0 83 14 20 20 0 0 1 14 20 20 48 0 219 14 20 20
0 0 1 14 20 21 18 0 83 14 20 21 0 0 1 14 20 21 48 0 219 14 20 21
0 0 1 17 16 20 20 0 84 17 16 20 0 0 1 17 16 20 53 0 222 17 16 20
0 0 0 16 17 20 14 0 61 16 17 20 0 0 0 16 17 20 40 0 188 16 17 20
0 0 0 18 15 16 16 0 63 18 15 16 0 0 1 18 15 16 42 0 190 18 15 16
0 0 0 19 14 14 16 0 64 19 14 14 0 0 1 19 14 14 45 0 192 19 14 14
0 0 0 21 13 12 18 0 65 21 13 12 0 0 1 21 13 12 48 0 195 21 13 12
0 0 0 22 12 12 19 0 65 22 12 12 0 0 0 22 12 12 50 0 184 22 12 12
0 0 0 21 13 13 16 0 56 21 13 13 0 0 0 21 13 13 43 0 165 21 13 13
0 0 0 21 13 12 16 0 57 21 13 12 0 0 0 21 13 12 44 0 166 21 13 12
0 0 1 23 11 12 19 0 68 23 11 12 0 0 1 23 11 12 50 0 192 23 11 12
0 0 0 22 12 13 18 0 67 22 12 13 0 0 1 22 12 13 48 0 187 22 12 13
0 0 0 20 13 16 17 0 65 20 13 16 0 0 1 20 13 16 45 0 184 20 13 16
0 0 0 20 13 16 17 0 66 20 13 16 0 0 1 20 13 16 45 0 186 20 13 16
0 0 1 21 12 15 18 0 67 21 12 15 0 0 1 21 13 15 45 0 182 21 13 15
0 0 1 22 12 13 22 0 75 22 12 13 0 0 1 22 12 13 56 0 216 22 12 13
0 0 1 24 11 13 24 0 77 24 11 13 0 0 1 24 11 13 63 0 223 24 11 13
0 0 1 23 11 13 24 0 79 23 11 13 0 0 1 23 11 13 62 0 225 23 11 13
0 0 1 21 12 14 22 0 76 21 12 14 0 0 1 21 12 14 55 0 204 21 12 14
0 0 1 20 13 16 23 0 81 20 13 16 0 0 1 20 13 16 60 0 227 20 13 16
0 0 1 21 12 16 24 0 83 21 12 16 0 0 1 21 12 16 61 0 227 21 12 16
0 0 1 20 13 16 26 0 88 20 13 16 0 0 1 20 13 16 66 0 240 20 13 16
0 0 1 19 14 16 24 0 86 19 14 16 0 0 1 19 14 16 60 0 236 19 14 16
0 0 1 20 13 15 25 0 88 20 13 15 0 0 1 20 13 15 62 0 238 20 13 15
0 0 1 21 12 15 27 0 90 21 12 15 0 0 1 21 12 15 67 0 243 21 12 15
0 0 1 22 12 13 25 0 83 22 12 13 0 0 1 22 12 13 64 0 226 22 12 13
0 0 1 25 10 11 32 0 92 25 10 11 0 0 1 25 10 11 77 0 236 25 10 11
0 0 1 25 10 11 32 0 92 25 10 11 0 0 1 25 10 11 77 0 236 25 10 11
0 0 1 23 11 12 30 0 89 23 11 12 0 0 1 23 11 12 71 0 229 23 11 12
0 0 1 22 11 14 29 0 89 22 11 14 0 0 1 22 11 14 70 0 230 22 11 14
0 0 1 20 13 15 25 0 83 20 13 15 0 0 1 20 13 15 60 0 199 20 13 15
0 0 1 22 12 15 26 0 84 22 12 15 0 0 1 22 12 15 57 0 195 22 12 15
0 0 1 22 12 13 24 0 81 22 12 13 0 0 1 22 12 13 55 0 190 22 12 13
0 0 1 24 10 12 28 0 89 24 10 12 0 0 1 24 10 12 67 0 229 24 10 12
0 0 1 22 12 13 26 0 83 22 12 13 0 0 1 22 12 13 60 0 206 22 12 13
0 0 1 21 12 13 25 0 84 21 12 13 0 0 1 21 12 13 57 0 205 21 12 13
0 0 1 22 12 12 24 0 79 22 12 12 0 0 1 22 12 12 56 0 193 22 12 12
0 0 1 24 10 12 24 0 78 24 10 12 0 0 1 24 10 12 56 0 190 24 10 12
0 0 1 22 12 12 23 0 77 22 12 12 0 0 1 22 12 12 54 0 187 22 12 12
0 0 1 22 11 13 26 0 88 22 11 13 0 0 1 22 11 13 59 0 210 22 11 13
0 0 1 24 11 13 26 0 89 24 11 13 0 0 1 24 11 13 58 0 211 24 11 13
0 0 1 21 12 14 20 0 79 21 12 14 0 0 1 21 12 14 46 0 198 21 12 14
0 0 1 21 12 14 20 0 79 21 12 14 0 0 1 21 12 14 46 0 198 21 12 14
0 0 1 25 10 13 24 0 84 25 10 13 0 0 1 25 10 13 54 0 208 25 10 13
0 0 1 25 10 13 23 0 83 25 10 13 0 0 1 25 10 13 53 0 206 25 10 13
0 0 1 24 11 14 23 0 83 24 11 14 0 0 1 24 11 14 53 0 206 24 11 14
0 0 1 21 12 16 21 0 79 21 12 16 0 0 1 21 12 16 50 0 203 21 12 16
0 0 1 22 12 16 23 0 84 22 12 16 0 0 1 22 12 16 53 0 210 22 12 16
0 0 1 24 11 15 24 0 81 24 11 15 0 0 1 24 11 15 53 0 197 24 11 15
0 0 2 27 9 14 34 0 139 27 9 14 0 0 2 27 9 14 81 0 397 27 9 14
0 0 2 27 9 14 38 0 151 27 9 14 0 0 2 27 9 14 92 0 418 27 9 14
0 0 2 25 10 15 35 0 151 25 10 15 0 0 2 25 10 15 86 0 416 25 10 15
0 0 2 23 11 16 35 0 151 23 11 16 0 0 2 23 11 16 84 0 416 23 11 16
0 0 2 26 10 15 37 0 153 26 10 15 0 0 2 26 10 15 89 0 418 26 10 15
0 0 2 23 11 16 41 0 162 23 11 16 0 0 2 23 11 16 103 0 453 23 11 16
0 0 2 21 12 15 40 0 161 21 12 15 0 0 2 21 12 15 100 0 453 21 12 15
0 0 2 21 12 16 40 0 161 21 12 16 0 0 2 21 12 16 100 0 453 21 12 16
0 0 2 21 12 18 40 0 161 21 12 18 0 0 2 21 12 18 100 0 453 21 12 18
0 0 2 17 15 23 36 0 159 17 15 23 0 0 2 17 15 23 92 0 449 17 15 23
0 0 2 16 17 27 35 0 158 16 17 27 0 0 2 16 17 27 90 0 448 16 17 27
0 0 2 19 14 25 40 0 165 19 14 25 0 0 2 19 14 25 103 0 462 19 14 25
0 0 2 18 14 26 40 0 165 18 14 26 0 0 2 18 14 26 102 0 462 18 14 26
0 0 2 17 15 27 37 0 163 17 15 27 0 0 2 17 15 27 97 0 459 17 15 27
0 0 2 13 21 32 32 0 160 13 21 32 0 0 2 13 21 32 85 0 448 13 21 32
0 0 2 11 25 34 32 0 140 11 25 34 0 0 2 11 25 34 80 0 343 11 25 34
0 0 1 11 25 34 30 0 128 11 25 34 0 0 1 11 25 34 74 0 324 11 25 34
0 0 1 11 25 32 30 0 128 11 25 32 0 0 1 11 25 32 74 0 324 11 25 32
0 0 1 12 23 32 30 0 128 12 23 32 0 0 1 12 23 32 74 0 324 12 23 32
0 0 1 10 27 33 28 0 126 10 27 33 0 0 1 10 27 33 72 0 323 10 27 33
0 0 1 10 28 30 21 0 110 10 28 30 0 0 1 10 28 30 51 0 266 10 28 30
0 0 1 12 23 24 26 0 113 12 23 24 0 0 1 12 23 24 60 0 274 12 23 24
0 0 1 15 18 20 31 0 121 15 18 20 0 0 1 15 18 20 72 0 294 15 18 20
0 0 1 15 18 16 31 0 121 15 18 16 0 0 1 15 18 16 72 0 294 15 18 16
0 0 2 16 16 15 34 0 133 16 16 15 0 0 2 16 16 15 81 0 324 16 16 15
0 0 2 17 15 15 35 0 133 17 15 15 0 0 2 17 15 15 83 0 324 17 15 15
0 0 1 15 18 15 31 0 124 15 18 15 0 0 1 15 18 15 72 0 304 15 18 15
0 0 1 17 15 11 33 0 127 17 15 11 0 0 1 17 15 11 79 0 313 17 15 11
0 0 1 19 14 9 35 0 128 19 14 9 0 0 2 19 14 9 82 0 315 19 14 9
0 0 1 19 14 10 35 0 128 19 14 10 0 0 2 19 14 10 82 0 315 19 14 10
0 0 1 19 14 10 34 0 125 19 14 10 0 0 2 19 14 10 85 0 327 19 14 10
0 0 2 21 12 10 38 0 139 21 12 10 0 0 2 21 12 10 94 0 351 21 12 10
0 0 2 25 10 10 45 0 153 25 10 10 0 0 2 25 10 10 108 0 380 25 10 10
0 0 2 25 10 9 46 0 154 25 10 9 0 0 2 25 10 9 110 0 381 25 10 9
0 0 2 26 9 9 48 0 154 26 9 9 0 0 2 26 9 9 114 0 382 26 9 9
0 0 2 26 9 9 47 0 152 26 9 9 0 0 2 26 9 9 111 0 371 26 9 9
0 0 2 25 10 9 52 0 169 25 10 9 0 0 2 24 10 9 129 0 446 24 10 9
0 0 2 23 11 10 47 0 164 23 11 10 0 0 2 22 11 10 117 0 434 22 11 10
0 0 2 23 11 12 47 0 164 23 11 12 0 0 2 22 11 12 117 0 434 22 11 12
0 0 2 22 11 15 43 0 155 22 11 15 0 0 2 21 12 15 111 0 415 21 12 15
0 0 2 21 12 15 42 0 155 21 12 15 0 0 2 20 13 15 109 0 415 20 13 15
0 0 2 22 11 15 46 0 160 22 11 15 0 0 2 21 12 16 117 0 422 21 12 16
0 0 2 21 12 16 45 0 159 21 12 16 0 0 2 20 13 16 112 0 417 20 13 16
0 0 2 21 12 15 45 0 159 21 12 15 0 0 2 20 13 15 111 0 417 20 13 15
0 0 2 22 11 15 54 0 187 22 11 15 0 0 2 21 12 15 131 0 477 21 12 15
0 0 2 20 13 15 44 0 172 20 13 15 0 0 2 19 13 15 104 0 431 19 13 15
0 0 2 16 16 17 38 0 159 16 16 17 0 0 2 15 17 17 92 0 406 15 17 17
0 0 2 15 18 17 32 0 146 15 18 17 0 0 2 14 19 17 81 0 379 14 19 17
