795 927
0 0
98 150
0 0
0 0
0 0
98 150
98 150
196 300
184 276
0 0
504889 25196
2484640 92210
1688404 42651
320064 30802
0 0
489 1942
424 661
0 0
1568 963
1638 846
1924592 74861
52 52
0 0
492187 10051
104 52
1309500 38154
228786 4787
0 0
0 0
719 2018
0 0
52 52
0 0
1508305 37986
0 0
0 0
424 665
0 0
2378460 68520
0 0
3238 676
1050 2405
0 0
0 0
0 0
0 0
1495683 31048
196 300
165 733
3041 1076
305 830
415500 8808
1169100 26205
0 0
506367 10365
0 0
0 0
1679150 39764
413 1635
1014 981
541 1423
0 0
0 0
0 0
0 0
1952125 55292
0 0
0 0
499943 11129
6450 702
300 300
0 0
0 0
0 0
0 0
297441 6780
1261448 40996
523988 12848
165 733
3041 1076
476 882
0 0
0 0
485975 9949
104 52
0 0
0 0
2157609 47804
0 0
717 959
361 1083
0 0
0 0
0 0
0 0
0 0
0 0
1970255 48857
0 0
499670 16998
528 1239
135 104
0 0
0 0
0 0
0 0
0 0
0 0
60 681
2159 1800
2167316 58167
1208 52
0 0
71896 2722
424338 10220
0 0
104 52
0 0
0 0
0 0
0 0
905256 24821
1093548 29312
0 0
0 0
0 0
0 0
0 0
294 450
557 1383
514398 10418
361 1225
0 0
0 0
0 0
0 0
0 0
0 0
112 681
3094 1128
305 669
0 0
0 0
0 0
104 52
2010503 57849
0 0
0 0
0 0
0 0
305 835
0 0
0 0
0 0
0 0
52 52
0 0
502070 10210
0 0
0 0
0 0
0 0
0 0
0 0
0 0
0 0
0 0
1740898 57793
1568 963
1638 846
0 0
0 0
0 0
0 0
104 52
0 0
0 0
52 52
0 0
621 965
660 1461
104 570
104 570
1684907 49494
0 0
0 0
0 0
361 1225
0 0
361 1083
0 0
0 0
0 0
52 52
496181 13978
0 0
0 0
0 0
165 733
3041 1076
0 0
0 0
0 0
0 0
1995242 46289
0 0
0 0
0 0
0 0
908 1062
476 886
0 0
0 0
0 0
52 52
505977 16270
0 0
0 0
0 0
0 0
253 616
0 0
0 0
0 0
0 0
52 52
0 0
0 0
165 733
3041 1076
928448 24389
1168596 32065
0 0
0 0
104 52
0 0
0 0
0 0
0 0
883 958
305 835
52 52
0 0
0 0
0 0
0 0
0 0
0 0
0 0
0 0
0 0
52 52
0 0
1836183 48701
0 0
0 0
0 0
0 0
500419 10943
3041 1076
253 619
0 0
0 0
0 0
413 1135
52 0
0 0
0 0
52 52
0 0
476 887
0 0
0 0
1882326 52727
0 0
361 1225
0 0
0 0
104 52
0 0
0 0
0 0
0 0
52 52
25500 1942
479677 12968
0 0
0 0
60 681
3146 1128
1993500 50969
36738 1040
0 0
0 0
104 52
0 0
0 0
0 0
0 0
0 0
750 1462
30000 2153
1868969 47444
0 0
0 0
0 0
0 0
0 0
0 0
0 0
0 0
0 0
2054193 67073
0 0
0 0
0 0
0 0
493550 14681
1568 963
1638 846
0 0
0 0
2026192 62217
0 0
104 52
0 0
0 0
0 0
0 0
0 0
476 887
0 0
52 52
904500 17337
1221505 33388
42000 2148
0 0
0 0
0 0
0 0
733 1898
52 0
0 0
506849 14182
0 0
0 0
0 0
123305 6004
165 733
3402 2159
0 0
0 0
0 0
52 52
1951330 48117
0 0
0 0
0 0
0 0
804 1225
305 837
0 0
0 0
0 0
52 52
520046 15574
0 0
0 0
0 0
0 0
0 0
0 0
0 0
0 0
0 0
769500 22493
1299309 27897
92500 2028
112 681
3094 1128
424 673
0 0
0 0
0 0
104 52
0 0
0 0
52 52
0 0
998 960
305 837
0 0
0 0
0 0
0 0
0 0
0 0
1864415 43281
0 0
0 0
0 0
0 0
0 0
0 0
0 0
0 0
361 1083
52 52
511420 11151
1638 1024
0 0
0 0
361 1225
0 0
104 52
0 0
0 0
0 0
1644833 41545
39968 2547
660 1462
0 0
0 0
0 0
0 0
0 0
0 0
0 0
0 0
521053 14222
0 0
0 0
0 0
0 0
0 0
0 0
0 0
0 0
165 733
3093 1128
1812949 50253
0 0
0 0
0 0
465 1135
0 0
0 0
0 0
0 0
0 0
528 1044
0 0
0 0
0 0
0 0
1304641 28737
0 0
0 0
0 0
0 0
424 673
0 0
0 0
0 0
0 0
0 52
52 0
255401 5946
1568 963
1638 846
0 0
0 0
0 0
0 0
104 52
0 0
0 0
52 52
0 0
0 0
476 888
0 0
0 0
0 0
0 0
0 0
0 0
52 52
0 0
0 0
0 0
0 0
0 0
361 1225
0 0
0 0
0 0
132 135
3989 2773
3145 2016
9134 1444
0 0
0 0
0 0
104 52
0 0
0 0
0 0
0 0
0 0
669 1900
2503 10875
0 0
0 0
0 0
0 0
0 0
0 0
0 0
0 0
0 0
0 0
0 0
5771 3046
5389 352
0 0
0 0
0 0
1152 2187
3198 1128
0 0
0 0
0 0
0 0
104 52
0 0
0 0
0 0
0 0
962 962
856 1541
0 0
0 0
0 0
0 0
0 0
0 0
0 0
0 0
0 0
0 0
0 0
0 0
0 0
0 0
0 0
0 0
0 0
210 831
3146 1140
0 0
0 0
0 0
0 0
104 52
0 0
0 0
0 0
0 0
917 960
480 869
0 0
0 0
3010 1614
0 0
0 0
0 0
0 0
104 52
0 0
257 619
0 0
557 1525
413 1083
0 0
0 0
0 0
0 0
422 1288
3041 1076
0 0
0 0
0 0
0 0
104 52
0 0
0 0
0 0
0 0
871 962
480 869
0 0
0 0
0 0
0 0
480 1391
278 52
0 0
0 0
0 0
0 0
0 0
0 0
0 295
2252750 82253
2088448 52335
26599 27944
575571 24993
1606544 56502
2119 2834
429 711
0 0
11930 2186
1605504 47266
585 970
0 0
0 0
0 0
464827 9664
1687695 61725
46852 2954
0 0
0 0
0 0
2017737 66551
0 0
0 0
0 0
52 52
1954635 69032
1207 2003
0 0
463339 20613
0 0
0 0
1944000 67612
154494 4189
0 0
244 816
3094 1128
1950733 38244
0 0
0 0
0 0
585 986
1663619 57711
0 0
609057 18045
0 0
883 960
991500 26432
903533 28220
0 0
0 0
0 0
0 0
1875165 62828
0 0
0 0
0 0
0 0
361 1083
1173000 52000
464911 11938
133448 5620
150 150
1488275 49960
535523 21297
1568 785
1638 1024
0 0
0 0
2032442 58568
0 0
414 884
0 0
0 0
0 0
2049373 79488
1108 1110
0 0
0 0
2464398 68089
0 0
52 285
0 0
0 0
0 0
1898277 61656
0 0
0 0
0 0
361 1225
78000 3013
1980000 43704
25253 1811
0 0
534285 16954
1568 785
2048202 55765
0 0
0 0
0 0
408 817
2040508 73416
7448 256
23896 884
0 0
0 0
335220 7433
1748364 49556
0 0
0 0
0 0
0 0
0 0
2557101 99139
0 0
0 0
0 0
0 0
98 150
0 0
98 150
0 0
0 0
1958758 58677
0 0
112 681
3094 1128
0 0
0 0
361 1083
0 0
414 888
0 0
213000 5353
1619966 69642
0 0
0 0
0 0
0 0
555207 14070
258 666
0 0
2322 768
0 0
0 0
2003801 55061
0 0
0 0
0 0
0 0
0 0
0 0
0 0
361 1225
0 0
1873657 57628
1638 846
0 0
0 0
0 0
0 0
414 888
0 0
0 0
0 0
52 52
1913179 59561
0 0
0 0
0 0
0 0
588261 17983
104 233
52 285
0 0
0 0
0 1246
1567305 40184
0 0
0 0
258 668
0 0
0 0
0 0
0 0
165 733
3402 2301
104 337
1929192 73270
0 0
0 0
4117 2231
357 52
0 0
0 0
0 0
0 0
0 0
2431655 80817
0 0
150 150
0 0
0 0
0 0
0 0
0 0
0 0
0 0
2001223 68398
0 0
0 0
0 0
108708 3583
0 0
0 0
165 733
3402 2159
0 0
52 52
0 0
1749212 62522
585 938
0 0
0 0
0 0
0 0
888 965
0 0
0 0
0 0
2409891 85801
0 0
0 0
0 0
0 0
0 0
0 0
0 0
0 0
0 0
52 52
1992490 68646
0 0
0 0
0 0
1568 963
1638 846
0 0
0 0
0 0
0 0
2098332 49250
135 104
0 0
0 0
361 1083
703 1011
0 0
0 0
98 150
3439 2333
52 52
0 0
1391071 36734
955348 16536
104 52
0 0
0 0
104 187
0 0
0 0
0 0
0 0
2024846 36762
0 0
1929 2188
1638 846
0 0
0 0
0 0
0 0
585 940
0 0
1849001 51254
0 0
0 0
740 961
0 0
0 0
531200 10811
0 0
0 0
0 0
0 0
1408396 29466
493023 16936
0 0
361 1083
0 0
0 0
258 671
0 0
0 0
0 0
653237 18530
911108 31987
1638 846
0 0
0 0
0 0
0 0
585 940
0 0
156 285
0 0
52 52
1911667 66474
0 0
0 0
0 0
532391 15763
361 1225
0 0
0 0
0 0
0 0
0 0
0 0
0 0
0 0
52 52
1549755 45354
0 0
0 0
0 0
165 733
3041 1076
0 0
0 0
0 0
258 672
637 993
1914069 54354
0 0
0 0
0 0
0 0
0 0
0 0
0 0
0 0
0 0
52 52
2161290 61430
52 0
0 0
0 0
0 0
0 0
0 0
0 0
0 0
0 0
586136 11802
1244198 31156
0 60
3206 1749
0 0
0 0
0 0
0 0
414 889
0 0
0 0
52 52
1663024 52498
0 0
0 0
0 0
489530 10083
258 672
0 0
361 1083
0 0
0 0
2106106 59750
0 0
0 0
0 0
0 0
0 0
0 0
0 0
0 0
0 0
1620 1015
1638 846
0 0
361 1225
0 0
0 0
2036084 76243
0 0
0 0
0 0
0 0
0 0
0 0
0 0
0 0
0 0
2501582 74073
0 0
0 0
0 0
0 0
0 0
0 0
0 0
0 0
429 723
52 52
1512000 46014
556133 13928
0 0
165 733
3041 1076
0 0
0 0
0 0
0 0
414 889
1753500 46030
164189 2860
0 0
0 0
0 0
0 0
0 0
0 0
0 0
0 0
0 0
52 52
2307761 68293
0 0
0 0
361 1225
0 0
0 0
0 0
0 0
0 0
0 0
1665000 71650
59698 2381
3094 1128
0 0
0 0
0 0
429 723
414 888
0 0
0 0
0 0
1561787 65118
1011 969
0 0
309 1083
52 0
564334 19820
0 0
0 0
0 0
0 0
1319948 46575
357115 10096
0 0
0 0
0 0
0 0
0 0
0 0
0 0
0 0
165 733
3093 1128
1953823 65768
3238 676
876 1242
0 0
414 912
0 0
0 0
0 0
0 0
689 960
2076198 63632
361 1225
0 0
258 668
0 0
0 0
518570 17805
0 0
0 0
0 0
1956962 57820
0 0
0 0
0 0
0 0
0 0
0 0
0 0
1568 963
1638 846
52 52
1087500 31880
938786 46652
0 0
414 889
0 0
0 0
0 0
0 0
1070 2043
0 0
0 0
2476138 79297
0 0
0 0
0 0
0 0
0 0
0 0
0 0
0 0
0 0
52 52
921429 31723
1000597 35544
0 0
0 0
0 0
165 733
3041 1076
0 0
0 0
135 104
1778375 74468
585 941
0 0
0 0
0 0
0 0
0 0
0 0
0 0
0 0
3062 1666
2616677 95193
79473 1768
0 0
0 0
104 52
0 0
0 0
0 0
0 0
0 0
361 1225
1962773 60424
0 0
0 0
165 733
3041 1076
0 0
0 0
0 0
429 723
585 941
1744276 65980
0 0
0 0
0 0
0 0
0 0
0 0
0 0
0 0
0 0
52 52
1774520 56576
0 0
0 0
0 0
361 1083
0 0
593618 30057
0 0
0 0
0 0
1315500 49704
628940 29936
165 733
3041 1076
0 0
0 0
0 0
0 0
414 889
0 0
0 0
52 52
1888900 69412
0 0
0 0
0 0
0 0
429 723
0 0
0 0
0 0
0 0
1998210 59080
0 0
0 0
0 0
0 0
0 0
0 0
0 0
0 0
0 0
217 785
614994 24961
0 0
0 0
0 0
0 0
1727529 59529
0 0
0 0
0 0
0 0
0 0
0 0
0 0
0 0
0 0
52 52
1878607 67980
309 1083
52 0
0 0
0 0
361 1225
0 0
0 0
429 721
0 0
610500 20364
1271948 35412
203578 7552
165 733
3041 1076
0 0
0 0
0 0
0 0
414 889
0 0
0 0
1901796 63124
0 0
0 0
0 0
602878 19385
0 0
0 0
0 0
0 0
0 0
1840893 64076
0 0
0 0
0 0
0 0
0 0
0 0
0 0
0 0
0 0
1727300 38320
1568 963
1638 846
0 0
0 0
0 0
429 724
585 941
0 0
0 0
52 52
1851836 63960
0 0
0 0
0 0
0 0
0 0
0 0
0 0
0 0
0 0
226552 6516
1413521 59244
0 0
0 0
0 0
0 0
473979 18326
468 397
3542 1365
52 0
112 681
3094 1128
1465049 61528
0 0
0 0
0 0
585 941
0 0
0 0
0 0
0 0
783 961
2023862 68808
0 0
0 0
429 721
0 0
0 0
0 0
0 0
0 0
0 0
52 52
517581 16665
0 0
0 0
0 0
0 0
729000 20968
1235896 31488
107835 2657
3094 1128
0 0
0 0
0 0
0 0
414 890
0 0
0 0
0 0
52 52
932 960
0 0
0 0
2067648 59424
0 0
0 0
0 0
0 0
0 0
0 0
0 0
0 0
0 0
52 52
429 721
0 0
0 0
0 0
0 0
165 733
3041 1076
0 0
0 0
413 1277
0 0
414 889
0 0
0 0
0 0
0 0
870 959
0 0
0 0
184 187
0 0
0 0
0 0
0 0
0 0
0 0
0 0
0 0
0 0
0 0
0 0
0 0
0 0
361 1083
0 0
112 681
3094 1128
0 0
0 0
0 0
258 670
585 922
0 0
258 607
0 0
0 0
0 0
0 0
0 0
0 0
0 0
0 0
0 0
781 1193
0 0
258 688
0 0
0 0
0 0
0 0
0 0
0 0
0 0
0 0
0 0
2434 2195
1638 846
0 0
0 0
0 0
0 0
414 871
361 1225
0 0
0 0
0 0
0 0
0 0
0 0
0 0
3439 2335
0 0
0 0
0 0
0 0
413 1135
52 0
0 0
0 0
0 0
0 0
0 0
0 0
0 0
0 0
165 733
3041 1076
0 0
0 0
0 0
0 0
414 871
0 0
0 0
0 0
0 0
0 0
0 0
0 0
0 0
0 0
0 0
0 0
0 0
0 0
0 0
0 0
842 1332
0 0
0 0
429 828
1479 1907
52 0
0 0
0 0
112 681
3854 2622
1065 2796
52 0
0 0
0 0
52 156
104 40
0 0
1670334 85091
809283 25156
1302321 53959
874172 22258
10639 7035
7819 4339
309 1225
105021 3383
304949 6832
1905993 52950
641 4215
683 150
0 0
52 52
0 0
0 0
0 0
0 0
458429 14901
433 704
0 0
112 681
3094 1128
2107401 60431
0 0
0 0
0 0
104 52
0 0
433 705
0 0
1610011 53771
912 963
439290 14145
0 0
0 0
72000 2884
619500 19280
575948 17708
131948 5556
308044 10445
356252 9036
0 0
0 0
0 0
0 0
0 0
0 0
0 0
755495 17080
650391 16482
456008 15733
478121 12980
0 0
0 0
0 0
0 0
104 52
0 0
150 150
0 0
150 150
1093 1184
600 600
444633 9986
0 0
309 1083
485 704
693804 13701
623586 14756
314 829
0 0
0 0
0 0
0 0
0 0
0 0
0 0
0 2228
64 1114
454722 11972
112 681
3094 1128
0 0
1309500 28793
648525 15248
0 0
104 52
94448 3956
0 0
0 0
0 0
183876 5887
14948 564
298396 10392
649032 13092
0 0
0 0
243311 8300
594717 15500
538 1039
0 0
209867 7656
361 1225
0 0
0 0
0 0
433 813
1283844 28018
0 0
361 1083
1014495 27576
3146 1180
0 0
0 0
0 0
0 0
202 202
0 0
64 196
98 52
444 652
937 1012
0 0
0 0
1818000 61394
220934 7216
0 0
0 0
0 0
485 886
0 0
184 187
0 0
0 0
0 0
455706 9435
0 0
230948 5535
199877 7524
73344 2932
1568 963
1638 846
0 0
0 0
0 0
0 0
537 759
0 0
0 0
52 52
0 0
661 1024
0 0
0 0
0 0
0 0
0 0
0 0
0 0
537 937
267 649
361 1083
0 0
0 0
0 0
281948 6526
1210850 30768
0 0
0 0
0 0
1077 2210
3197 1361
0 0
0 0
208 1140
0 0
156 104
0 0
361 1225
0 0
0 0
913 961
387000 11630
649448 15200
649196 15148
53844 2100
433 710
0 0
0 0
485 886
0 0
0 0
0 0
0 0
1124201 33297
547448 18320
572948 14012
11857 364
0 0
0 0
1568 963
1638 846
1268 1763
0 0
1202948 34154
278148 8132
104 52
0 0
0 0
0 0
0 0
1130 2042
52 0
0 0
556448 16382
511188 18220
649500 15288
359938 9572
0 0
583 950
0 0
0 0
0 0
0 0
0 0
508684 13627
433 813
0 0
0 0
361 1225
364665 8715
650937 16704
619500 22408
542639 13868
0 0
0 0
104 52
0 0
0 0
0 0
777 965
530857 24471
0 0
0 0
0 0
3010 1614
0 0
0 0
0 0
314 845
104 52
52 52
267 626
0 0
0 0
0 0
0 0
0 0
0 0
0 0
112 681
3198 1180
882 1440
0 0
0 0
0 0
898 1841
157552 4394
616448 24120
740950 22988
0 0
0 0
0 0
0 0
0 0
0 0
0 0
0 0
600052 15034
957672 31676
0 0
0 0
0 0
0 0
529571 14899
0 0
0 0
0 0
3238 676
1005667 35895
435875 11069
3094 1128
0 0
0 0
0 0
0 0
104 52
0 0
0 0
0 0
741052 22386
648792 16198
454344 13320
143554 5900
0 0
0 0
433 710
0 0
0 0
485 887
1911449 65042
0 0
267 590
0 0
361 1225
0 0
471071 18031
0 0
0 0
0 0
1568 963
100638 4200
1214863 26407
647014 15286
125870 2184
309 1083
156 52
0 0
0 0
0 0
0 0
0 0
1200808 26286
459000 11872
422262 11284
0 0
0 0
0 0
0 0
485 938
0 0
0 0
0 0
400396 13495
69370 3276
0 0
1172 1920
0 0
0 0
135 104
0 60
3206 1749
0 0
64 2444
494792 13696
328396 7696
622629 17192
0 0
77948 3252
0 0
0 0
823 962
0 0
0 0
0 0
0 0
0 0
0 0
52 52
969366 19461
794947 30796
0 0
0 0
0 0
361 1083
303229 8008
0 0
0 0
0 0
0 0
60 681
3094 1128
0 0
0 0
0 0
436745 12346
366 710
0 0
0 0
0 0
0 0
862 1011
0 0
0 0
0 0
52 52
0 0
0 0
0 0
314 924
0 0
0 0
0 0
0 0
0 0
52 52
0 0
0 0
0 0
0 0
165 733
3041 1076
0 0
0 0
267 671
184 187
104 52
0 0
0 0
0 0
0 0
994 1427
0 0
0 0
0 0
0 0
262 658
0 0
0 0
314 839
0 0
0 0
0 0
0 0
0 0
0 0
0 0
0 0
0 0
0 0
165 733
3041 1076
0 0
0 0
0 0
309 1083
156 52
0 0
0 0
0 0
0 0
0 0
0 0
0 0
0 0
0 0
0 0
0 0
0 0
485 868
0 0
0 0
0 0
0 0
0 0
756 1277
433 1936
52 0
0 0
0 0
1568 963
1638 846
0 0
0 0
0 0
0 0
104 52
0 0
0 0
0 0
0 0
0 0
0 0
0 0
0 0
0 0
0 0
0 0
0 0
595 1218
64 98
0 0
0 0
0 0
0 0
0 0
0 0
0 0
0 0
0 0
112 681
3094 1128
0 0
680 1068
0 0
0 0
537 763
0 0
0 0
0 0
0 0
0 0
361 1083
849 1463
0 0
0 0
0 0
678 1479
0 0
0 0
0 0
0 0
0 0
0 0
0 0
10039 4673
1065575 42899
706083 58315
273522 11386
416420 15572
148601 12202
438985 22794
607519 13832
532812 11896
310901 9741
1037887 38680
1041 3041
0 0
0 0
0 0
573976 11644
798995 19364
0 0
0 0
522495 10760
3318 2331
1277696 24280
857391 38928
0 0
0 0
104 52
0 0
0 0
0 0
955120 27292
999085 25186
264 270
0 0
0 0
648569 16149
1568 963
1638 846
0 0
427 719
766912 15181
584616 21447
439567 17932
129484 5556
0 0
0 0
0 0
0 0
0 0
0 0
0 0
0 1194
1248112 32842
427535 12732
0 0
642584 20888
0 0
0 0
0 0
0 0
150 150
0 0
1369314 34682
619143 11122
0 0
300 300
360 981
3146 1128
0 0
0 0
0 0
479 885
878571 18053
773960 22696
477379 14036
35328 2129
603128 17628
0 0
0 0
256 668
0 0
94912 3285
932 1193
791176 16422
1048064 32772
25325 884
0 0
361 1083
0 0
309 1225
52 0
0 0
0 0
322368 12075
378252 7160
1029198 20850
635140 14983
1638 846
0 0
0 0
0 0
846760 17422
640372 15328
395707 12088
0 0
0 0
0 0
782 960
0 0
0 0
679804 13519
941872 23504
212266 4108
0 0
0 0
637188 16294
0 0
0 0
0 0
525 868
0 1195
1236486 44393
0 0
196 300
376924 18056
225304 8871
165 733
3041 1076
468197 10948
1293628 28756
215654 4108
479 889
104 52
0 0
0 0
0 0
0 0
909 1015
0 0
0 0
52 52
646364 12946
0 0
648060 13051
851917 37008
0 0
0 0
0 0
0 0
0 0
0 0
0 0
0 0
0 0
52 52
0 0
165 733
1466209 45451
386980 17100
114847 3382
0 0
479 889
104 52
0 0
0 0
0 0
0 0
731 959
0 0
52 52
0 0
0 0
361 1510
52 0
52 285
0 0
1214400 23087
452984 19952
0 0
361 1083
0 0
0 0
0 0
0 0
0 0
0 0
112 681
3146 1180
455810 9578
185420 7988
0 0
479 888
104 52
0 0
0 0
0 0
0 0
1042176 26719
578425 19028
427 719
0 0
0 0
1088 1215
0 0
0 0
0 0
0 0
0 0
52 52
0 0
0 0
0 0
0 0
437080 9307
880100 32088
640496 29128
150205 7121
3041 1076
0 0
0 0
0 0
308 846
104 52
361 1225
0 0
0 0
641620 16237
0 0
0 0
1206936 28915
556364 24556
0 0
0 0
278326 10176
0 0
0 0
0 0
0 0
0 0
427 724
0 0
0 0
508719 11131
444696 15511
212541 3848
0 0
112 681
3094 1128
0 0
0 0
0 0
479 888
156 104
0 0
0 0
0 0
0 0
0 0
0 0
0 0
0 0
0 0
52 52
0 0
361 1083
0 0
821865 21751
1091973 43624
0 0
0 0
0 0
0 0
0 0
0 0
0 0
0 0
112 681
3146 1180
0 0
52 576
204 98
308 837
104 52
0 0
0 0
0 0
0 0
52 52
508339 10607
1289316 40080
323784 6136
0 0
0 0
0 0
0 0
0 0
513057 16614
7360 400
108824 4828
0 0
0 0
0 0
0 0
309 1225
52 0
0 0
165 733
3041 1076
52 52
0 1195
1183448 32435
333223 11197
104 52
0 0
0 0
0 0
0 0
0 0
0 0
256 675
0 0
3062 1666
756422 14975
361 1083
0 0
0 0
104 52
0 0
0 0
0 0
0 0
0 0
52 52
0 0
0 0
0 0
1568 785
1638 1024
0 0
0 0
0 0
256 837
208 104
0 0
0 0
0 0
0 0
0 0
0 0
0 0
0 0
0 0
132 135
0 0
0 0
0 0
0 0
0 0
0 0
256 676
0 0
0 0
0 0
0 0
361 1225
0 0
1568 963
1638 846
0 0
0 0
0 0
479 870
104 52
0 0
0 0
0 0
0 0
0 0
0 0
0 0
0 0
0 0
0 0
0 0
0 0
0 0
0 0
0 0
0 0
361 1083
0 0
0 0
0 0
0 0
0 0
361 1225
60 681
3146 1128
0 0
427 728
0 0
479 870
104 52
0 0
0 0
0 0
0 0
0 0
0 0
0 0
0 0
0 0
0 0
0 0
0 0
0 0
0 0
0 0
0 0
0 0
0 0
0 0
0 0
0 0
0 0
0 0
60 681
3146 1128
0 0
0 0
0 0
577 934
104 52
0 0
0 0
0 0
0 0
0 0
0 0
480 893
0 0
0 0
0 0
0 0
0 0
361 1083
0 0
0 0
0 0
0 0
0 0
5519 4226
0 0
0 0
0 0
0 0
112 681
3094 1128
0 0
0 0
0 0
583 1105
104 52
0 0
0 0
0 0
0 0
737 2380
666 1497
0 0
0 0
104 104
0 0
0 0
0 0
0 0
18134 6374
899320 50856
1228032 42313
529437 48091
649861 16589
595660 14342
539841 30875
7701 955
290757 8424
0 0
66626 3880
529752 15451
569062 16716
406191 13818
528330 16349
0 0
104 52
424 719
0 0
0 0
295500 6731
1227098 35008
0 0
0 0
0 0
0 0
322500 7251
82924 4231
574292 15740
584792 15502
584861 18737
181506 5894
1939560 55424
133587 5492
0 0
2991 2089
488109 10061
1258364 24956
0 0
0 815
1248 2511
3250 1180
989115 30799
574448 19084
0 0
0 0
159052 6204
622709 21578
370324 11524
0 0
1499164 43313
1102 2191
52 0
0 0
0 0
0 0
1132396 36625
639109 20528
52 52
0 0
150 150
808500 28202
640450 19907
254879 10799
0 0
597897 14490
427500 13857
230896 7588
883538 24899
135 80
537 1564
3146 2349
1484350 37380
187 156
0 0
0 0
104 168
97552 4085
1904376 48283
61300 1239
0 0
909 1156
254 667
804052 15625
874127 20250
0 0
0 0
984213 29822
1123448 35240
267766 7760
0 0
0 0
0 0
1078770 27378
658978 15842
21790 2363
0 0
0 0
0 0
1490964 44730
367 1515
3146 1128
0 0
0 0
502500 15167
27582 1140
104 1274
1992843 45560
0 0
0 0
0 0
2327 8140
0 0
0 0
52 52
0 0
0 0
413 1277
98 150
0 0
0 0
0 0
427 721
233 548
294 156
0 0
1309500 30038
382500 11040
340977 9804
0 0
2047 1672
552408 15954
0 0
0 0
0 0
0 0
104 52
0 0
0 0
0 0
0 0
792 1015
1846448 60882
107323 2408
0 0
3010 1562
0 52
0 0
0 0
0 0
0 0
104 52
0 0
216046 6008
85234 3374
847136 16652
516000 12144
101048 2132
100 401
4256 22978
539 1568
1990 1076
1635 771
1606556 34362
254615 8488
0 0
0 0
104 52
0 0
0 0
0 0
1070 1245
0 0
325500 7199
0 0
300078 10590
645868 12508
283500 5980
316448 7008
475407 9952
0 0
0 0
0 0
0 0
0 0
0 0
0 0
0 0
0 0
52 52
766928 16696
568586 14070
618003 14044
0 0
0 0
63000 2676
104 52
4010 1904
0 0
0 0
0 0
819 1011
427 722
0 0
0 0
52 52
366052 8267
1254000 38144
213384 7680
0 0
0 0
512607 20831
0 0
162 248
0 0
0 0
0 0
0 0
361 1083
52 52
420 1515
3146 1180
138000 4030
0 0
0 0
662896 15824
1008072 26388
0 0
0 0
0 0
0 0
0 0
1477500 40170
590824 13836
0 0
0 0
0 0
0 0
0 0
0 0
0 0
0 0
427 722
1268271 28281
1287000 39892
100479 2184
0 0
0 0
0 0
0 0
591 1567
3094 1128
0 0
309 1225
52 0
52 52
104 52
0 0
0 0
192000 4966
644896 19860
630724 16451
37448 1524
382927 9848
0 0
0 0
156 285
0 0
0 0
620616 12295
0 0
0 0
0 0
0 0
361 1083
413304 8866
649448 15528
1035411 26736
0 0
0 0
479 887
3206 1809
427 722
0 0
0 0
0 0
104 52
52 52
0 0
0 0
0 0
1500408 43856
633117 18900
4500 180
0 0
0 0
0 0
0 0
0 0
0 0
0 0
0 0
0 0
52 52
0 0
0 0
0 0
900056 22330
542896 21644
411901 7604
644 1620
3041 1076
275948 6315
251629 8296
361 1225
0 0
104 52
0 0
0 0
0 0
0 0
967 962
256 668
52 52
730861 19281
617792 22116
404528 9340
0 0
0 0
0 0
0 0
0 0
0 0
0 0
0 0
0 0
52 52
0 0
0 0
0 0
900217 27733
601812 14922
645000 15728
5036 168
428519 8967
0 0
104 52
0 0
0 0
0 0
0 0
833 959
0 0
0 0
52 52
139861 5307
1298195 26696
85396 3508
0 0
0 0
0 0
0 0
427 723
0 0
0 0
0 0
0 0
52 52
0 0
0 0
473 1569
3041 1076
0 0
0 0
0 0
0 0
465 1135
52 52
0 0
0 0
0 0
1097 959
0 0
0 0
0 0
0 0
0 0
52 52
132 135
0 0
0 0
0 0
0 0
0 0
0 0
0 0
0 0
0 0
0 0
0 0
420 1497
3094 1128
427 722
0 0
0 0
0 0
104 52
0 0
0 0
0 0
0 0
0 0
0 0
0 0
0 0
0 0
0 0
0 0
0 0
0 0
0 0
0 0
0 0
0 0
309 1225
217 733
1729 282
0 0
1116 651
0 0
308 816
0 0
0 0
104 52
0 0
0 0
0 0
0 0
0 0
0 0
0 0
0 0
427 723
0 0
0 0
3010 1614
0 0
0 0
104 803
1227 52
0 0
0 0
0 0
0 0
104 52
0 0
0 0
0 0
361 1083
0 0
479 869
0 0
0 0
0 0
0 0
447 656
0 0
0 0
0 0
0 0
0 0
0 0
0 0
0 0
447 674
0 52
0 0
0 0
0 0
0 0
1568 785
1658 1033
427 827
0 0
732 1712
1169 2719
104 52
0 0
0 0
0 0
0 0
0 0
756 1793
337741 17138
364769 20156
671351 42925
117816 4053
646500 11596
652676 17495
1273043 45124
0 0
0 0
633320 18696
394843 10199
872 3169
429 719
0 0
0 0
0 0
891056 18425
0 0
0 0
649983 13546
639025 17599
192451 5022
571943 11746
295448 5512
748759 13000
104 52
739500 14461
636000 17392
0 0
0 0
27156 2279
234988 4310
1845621 58442
121500 5172
564000 14654
14552 520
0 0
129431 4576
626948 14636
602896 14264
640959 15872
59060 1456
0 0
0 0
0 0
54453 3990
0 0
199500 5051
566688 10244
1254290 22100
6978 8025
1200 1887
3166 1085
4031 1665
0 0
858186 25847
560792 15176
640448 14588
49448 1348
177418 3068
840098 21917
643442 14898
0 0
52 52
192449 4044
352 352
1960106 61147
1894 1571
53104 2295
361 1225
483 883
0 0
0 0
291 104
875942 18385
340635 6344
805500 22856
225966 5040
0 0
0 0
0 0
0 0
0 0
1568 963
1658 855
190448 5439
532448 9672
1271310 31900
118448 4980
104 52
0 0
0 0
0 0
0 0
134948 3871
648719 13268
631500 18532
975349 22132
1036 965
0 0
483 886
0 0
0 0
1191000 29768
649500 11700
128296 2600
0 0
0 0
0 0
0 0
52 52
0 0
116252 3660
1297760 23678
514033 12708
1568 963
1658 855
483 1521
1357 202
539672 16133
0 0
0 0
196 300
1503 2872
52 0
0 0
260 602
0 0
940 1190
52 52
312 857
0 0
0 0
0 0
0 0
1680435 40100
0 0
0 0
0 0
0 0
0 0
0 0
0 0
361 1225
0 0
52 52
515432 11555
165 733
3041 1076
0 0
1146000 44424
753097 27612
0 0
104 52
361 1083
0 0
0 0
431 728
811 959
0 0
312 836
52 52
325500 7288
0 0
0 0
37344 988
1174396 20748
596289 10712
0 0
0 0
0 0
104 233
591595 17619
104 285
0 0
0 0
156 855
956912 28072
289638 7314
118344 2616
610448 10972
123409 2548
0 0
104 52
0 0
260 603
0 0
0 0
683 1438
0 0
483 888
52 52
0 0
0 0
275948 6404
0 0
0 0
483104 9410
557841 16897
637048 11284
0 0
0 0
0 0
0 0
0 0
649448 12904
649500 11700
391640 8099
49482 2690
0 0
0 0
0 0
0 0
104 52
361 1083
64 2230
206948 4004
178240 3432
136022 3960
0 0
483 887
0 0
0 0
467 2196
82292 2652
185792 3744
1203457 36981
649512 12904
643932 18084
418734 7656
312 994
0 0
0 0
0 0
0 0
52 1204
613809 13521
648 1461
3093 1128
640500 17440
0 0
0 0
409136 13280
58604 1852
362688 7844
0 0
0 0
2760 104
52 52
0 0
0 0
40500 2296
505396 12168
420824 8221
3062 985
0 0
0 0
0 0
248 3532
537305 9724
483 888
0 0
0 0
0 0
768052 24464
224130 7044
1034824 21952
165 733
13593 2644
518896 9360
649396 11648
0 0
0 0
647948 11648
219042 4212
0 0
0 0
431 726
0 0
0 0
244133 8735
0 0
0 0
0 0
64 2408
647844 11648
597776 15796
0 0
0 0
0 0
483 1016
0 0
0 0
0 0
0 0
361 1083
52 52
112 681
3094 1128
0 0
0 0
1500 40
361 1225
104 52
0 0
0 0
52 52
0 0
0 0
0 0
0 0
0 0
0 0
0 0
0 0
0 0
132 135
553 1013
0 0
0 0
5657 3014
0 0
0 0
0 0
0 0
0 0
0 0
60 681
3535 1735
0 0
0 0
0 0
0 0
104 52
0 0
0 0
0 0
0 0
902 1492
0 0
0 0
0 0
0 0
0 0
0 0
0 0
0 0
0 0
0 0
0 0
473 869
0 0
0 0
0 0
0 0
0 0
0 0
415 1410
3041 1076
0 0
0 0
0 0
0 0
104 52
0 0
0 0
309 1083
52 0
0 0
0 0
0 0
0 0
361 1225
0 0
0 0
0 0
0 0
0 0
0 0
0 0
302 817
0 0
0 0
0 0
0 0
0 0
0 0
1568 963
1638 846
0 0
0 0
0 0
0 0
104 52
0 0
0 0
0 0
421 729
0 0
0 0
0 0
0 0
0 0
0 0
0 0
0 0
0 0
0 0
0 0
0 0
302 816
0 0
0 0
0 0
0 0
0 0
0 0
60 681
3146 1128
0 0
0 0
0 0
0 0
104 52
0 0
0 0
60 394
4113 2600
744 1498
0 0
0 0
0 0
0 0
0 0
0 0
361 1225
235280 21370
449937 17220
14111 25812
448 758
0 0
0 0
12724 6311
52 0
551162 19737
984600 43391
1376353 33268
654194 24873
1165256 27021
248895 8670
244507 6936
1292312 26048
42584 1792
401597 12040
0 0
413 1135
52 52
0 0
494515 13214
1266206 27924
284967 11414
0 0
0 0
0 0
0 1192
1239540 32904
213468 9275
0 0
52 52
361 1225
0 0
0 0
0 0
741867 21615
187937 7900
184 187
302 831
1568 963
1638 846
0 0
157977 5136
0 0
0 0
104 52
634328 23296
647628 16028
0 0
135 104
0 0
0 0
0 0
0 0
1191669 36757
45528 1844
117656 4992
150 150
1221760 25824
150359 5642
0 0
0 1194
647640 15358
0 0
52 52
0 0
0 0
600 600
473 883
732194 21488
3041 1076
1253 1145
0 0
0 0
52 52
104 52
709494 25109
803448 19890
0 0
749 1188
1046516 21160
475966 18434
645798 27000
19084 756
1570516 51679
164812 4471
303128 13044
649513 20835
0 0
0 0
27916 1140
646052 17976
317028 10540
0 0
468953 9696
0 0
0 0
52 52
553945 18649
597692 15517
525498 17552
19084 756
375876 14940
250 603
413 1277
104 52
0 1195
634628 29982
0 0
0 0
0 0
0 0
0 0
772 1188
1130562 48562
889833 25107
647674 26450
642998 26786
649048 21272
10054 312
0 0
0 0
421 719
0 0
0 0
52 52
392 600
0 0
628544 23563
165 733
3041 1076
0 0
0 0
0 0
0 0
466728 17936
151564 6608
535756 10440
740897 18307
0 0
0 0
0 0
0 0
0 0
0 0
0 0
0 0
0 0
104 104
361 1083
0 0
0 0
0 0
0 0
1285004 24335
619715 15444
0 0
0 0
52 52
1568 963
1638 846
0 0
421 722
0 0
0 0
438640 17320
361 1225
0 0
473 887
156 1480
635864 17659
641688 18549
89688 3764
317611 12907
0 0
52 52
0 0
0 0
0 0
104 570
104 570
0 0
0 0
877 1240
0 0
52 52
0 0
0 0
0 0
1568 963
1638 846
1738951 48839
0 0
0 0
0 0
236 187
0 0
0 0
302 834
0 0
0 0
52 52
234613 6697
202433 7552
0 0
0 0
0 0
1249120 46167
605370 28024
0 0
0 0
361 1083
0 0
52 52
0 0
0 0
0 0
0 0
52 52
112 681
3094 1128
0 0
0 0
1190848 45527
0 0
104 52
145520 6568
799828 18504
302 835
67448 2676
371868 11060
0 0
0 0
0 0
0 0
0 0
0 0
52 52
0 0
0 0
52 52
0 0
421 723
0 0
64 2390
604888 14436
1127625 24984
0 0
0 0
112 681
3146 1180
0 0
0 0
0 0
361 1225
104 1168
440890 12168
0 0
473 886
0 0
987764 19083
603468 26864
116132 2444
131860 2704
0 0
0 0
52 52
0 0
0 0
0 0
0 0
0 0
0 0
52 52
0 0
0 0
52 52
0 0
0 0
1568 963
1638 846
0 0
1272122 30271
264791 10223
0 0
104 52
184 187
0 0
665 2808
0 0
407266 16284
0 0
0 0
52 52
0 0
0 0
23896 1012
52 1195
634172 15448
42428 1524
1213203 36520
0 0
0 0
0 0
0 0
0 0
52 52
0 0
250 603
112 681
3146 1180
0 0
0 0
0 0
695112 13883
1187852 27520
166708 3380
0 0
1081 2074
0 0
276000 14176
159899 3316
250 667
0 0
0 0
0 0
52 52
0 0
361 1083
0 0
0 0
52 52
0 0
0 0
0 0
991416 19135
645948 27224
69132 2976
191711 7320
60 681
3146 1128
413 1277
0 0
0 0
0 0
104 52
0 0
28500 2052
535286 14464
0 0
0 0
0 0
1288238 24347
232420 9908
0 0
0 0
0 0
0 0
52 52
0 0
0 0
0 0
250 671
52 52
0 0
0 0
0 0
0 0
1295308 31803
57400 3255
334206 12522
59715 1092
0 0
0 0
0 0
104 52
0 0
0 0
115421 4662
219328 5788
253184 6728
646208 14012
1472 52
599052 10972
124658 2548
0 0
0 0
0 0
0 0
568757 23437
0 0
0 0
0 0
0 0
52 52
0 0
0 0
0 0
0 0
528509 11652
652398 19657
32332 1332
858968 29381
0 0
0 0
104 52
0 0
0 0
473 888
413 1135
0 0
423012 19136
111937 4776
0 0
37510 3074
0 0
0 0
0 0
0 0
104 52
0 0
0 0
52 52
0 0
52 52
0 0
0 0
0 0
0 0
112 681
3094 1128
390028 8475
1245260 50180
89740 4048
435675 12460
104 52
0 0
0 0
302 836
0 0
0 0
0 0
421 724
0 0
184 187
361 1083
0 0
0 0
0 0
0 0
0 0
0 0
0 0
0 0
52 52
0 0
0 0
0 0
92632 3223
631549 15725
647621 17252
526919 15044
0 0
0 0
0 0
104 52
0 0
0 0
473 888
363 1973
522000 20984
52 52
0 0
18000 624
0 0
0 0
25182 832
0 0
0 0
0 0
0 0
52 52
421 719
0 0
0 0
149104 4263
644684 19104
1472 52
1071844 36532
1568 963
1638 846
0 0
0 0
0 0
0 0
104 52
52 52
469841 21488
525 939
0 0
0 0
0 0
0 0
0 0
100448 4212
0 0
0 0
0 0
52 52
0 0
0 0
361 2278
410201 19203
0 0
52 52
0 0
0 0
52 1195
503268 23420
184519 8685
3146 1180
0 0
421 720
367927 8007
52 52
104 52
0 0
64 2390
628097 25339
117760 5108
0 0
0 0
0 0
284010 6603
184 187
0 0
0 0
0 0
595928 12227
649498 21120
0 0
0 0
641740 27272
97136 2080
473236 18162
0 0
0 0
0 0
0 0
1568 963
1638 846
0 0
0 0
52 52
52 52
104 52
0 0
0 0
473 887
0 0
436576 9307
630016 28608
421 723
562521 23736
52 52
0 0
0 0
0 0
0 0
0 0
0 0
0 1118
279012 12538
255488 8704
0 0
0 0
0 0
0 0
0 0
165 733
588845 13035
624281 22352
618 80
52 52
113549 4976
784512 30456
309 40
361 1083
473 887
0 0
0 0
0 0
309 40
413 1277
0 0
52 52
0 0
0 1195
631448 26287
0 0
1371626 52620
0 0
421 724
184 187
0 0
0 0
0 0
0 0
349811 10243
180071 8885
2042 1128
1208 52
0 0
0 0
0 0
0 0
104 52
0 0
910050 18514
647732 15724
400384 11088
144862 3016
0 0
0 0
0 0
0 0
0 0
0 0
0 0
52 52
0 0
52 52
0 0
0 0
0 0
1190796 26027
1472 64
606964 11140
361 1225
349 920
193904 6379
305767 9824
250 672
0 0
0 0
104 52
0 0
52 52
473 888
0 0
0 0
1261400 31027
644580 20976
0 0
55884 1404
0 0
0 0
42480 1092
106270 2288
0 0
0 0
52 52
489918 11986
0 0
0 0
0 0
0 1195
872960 18223
641740 13820
116303 3177
3041 1076
0 0
421 1529
4117 1667
0 0
104 52
0 0
0 0
1094221 21843
495046 13980
0 0
0 0
473 776
0 0
0 0
0 0
0 0
0 0
0 0
52 52
0 0
0 0
132 135
0 0
250 603
0 0
0 0
0 0
0 0
112 733
3146 1128
0 0
0 0
0 0
813 1247
104 52
0 0
0 0
302 835
184 187
0 0
0 0
0 0
0 0
3010 1614
0 0
0 0
0 0
0 0
104 52
0 0
0 0
421 724
0 0
361 1225
0 0
0 0
0 0
0 0
0 60
3258 1697
0 52
0 0
135 104
0 0
52 52
52 0
0 0
302 817
0 0
0 0
361 1083
0 0
0 0
0 0
0 0
0 0
0 0
0 0
0 0
0 0
0 0
0 0
0 0
0 0
0 0
0 0
0 0
0 0
1568 963
1638 846
0 0
421 721
0 0
0 0
104 52
0 0
0 0
302 817
0 0
0 0
0 0
0 0
0 0
0 0
0 0
0 0
0 0
0 0
0 0
0 0
0 0
0 0
0 0
0 0
0 0
0 0
0 0
0 0
165 733
3041 1076
0 0
0 0
0 0
0 0
104 52
0 0
0 0
473 868
0 0
0 0
0 0
421 721
0 0
431 655
0 0
0 0
0 0
0 0
0 0
309 1225
52 0
0 0
0 0
623 1373
431 675
0 0
0 0
0 0
60 681
3198 1128
0 0
0 0
0 0
654 1598
208 1113
761 254
0 0
361 1083
0 0
0 0
0 0
443749 27454
496271 24044
422356 15331
483052 13545
425948 11084
67087 12025
80646 31679
277665 10648
462206 19331
0 0
312 887
339633 11687
488948 12480
290948 9048
626829 19260
260 665
0 0
1568 785
1638 1024
156 1248
55174 3926
536948 13388
356896 9608
88552 3752
613811 15366
431390 18400
648012 18519
615493 20164
0 0
571344 25138
0 0
0 0
0 0
0 0
0 0
0 0
49651 4103
295107 9643
934 4465
3361 1083
532408 22794
0 0
0 0
309 1225
52 0
0 0
64604 4929
522385 24354
315347 11864
0 0
165000 7608
530060 14651
0 0
104 52
0 0
0 0
3000 80
0 0
52 52
150 150
0 0
52 52
129303 13234
542 662
4229 508
300 300
150 150
0 0
0 0
427 2263
312 1160
0 0
519 3421
2711 104
3902 156
1500 40
0 0
165 733
3169 3517
196408 8160
68930 3428
186489 5352
647551 14061
293531 11596
465902 8788
7360 260
476772 13936
38272 1092
556510 11359
0 0
0 0
2705 2090
0 0
0 0
413 1135
92358 4914
286448 7780
16396 564
599896 12668
283448 8196
0 0
0 0
0 0
431 718
52 52
0 0
430679 12004
89905 2709
273370 12445
476917 14690
368988 9488
384776 8632
522876 10024
29948 1128
835577 16957
0 0
477000 10904
637650 14225
0 0
249980 7368
391348 14157
57674 1404
557980 13272
483040 9432
98 150
43730 1156
22913 3252
0 0
0 0
260376 6752
211203 4652
0 0
0 0
885184 19069
647823 14848
0 0
0 0
165 733
3041 1076
184 187
312 1020
0 0
1500 40
535 770
52 52
189415 5489
137561 4511
120000 5120
0 0
98 150
72327 4030
541333 13938
295622 9466
873208 19548
1117344 22980
0 0
995 1249
0 0
0 0
0 0
0 0
429928 10800
427430 12370
361 1225
0 0
0 0
0 0
112 681
3094 1128
539896 13280
921529 21084
52 285
0 0
104 52
0 0
548342 18651
462727 17359
470158 20665
52 285
0 0
483 1060
0 0
0 60
415889 14924
460448 12112
0 0
0 0
52 52
104 52
1500 40
0 0
0 0
0 0
0 0
208 1409
486045 13258
0 0
1560 721
3146 1128
0 0
312 1022
0 0
0 0
104 52
0 0
52 52
1041087 46153
0 0
98 150
338792 9992
477379 13262
418448 11296
0 0
0 0
361 1083
0 0
104 1042
726 306
0 0
0 0
168544 5137
19500 1749
265887 10851
260 666
0 0
0 0
0 0
548869 17539
472836 15568
648411 16987
648483 16248
0 0
0 0
61500 2536
0 0
1500 40
197896 5648
817500 16528
32948 1028
778204 15158
13396 436
292448 8528
434948 11328
0 0
0 0
600077 23500
463637 11960
0 0
52 52
1500 40
0 0
0 0
0 0
0 0
0 0
260 601
52 52
303337 7623
294070 13627
0 0
508708 13487
293896 7065
459563 9756
364 720
0 0
785 1193
0 0
454432 9436
0 0
0 0
0 0
0 0
0 0
0 0
0 0
0 0
0 0
52 52
0 0
0 0
0 0
0 0
0 0
1790433 37882
156361 7869
0 0
0 0
1568 963
1638 846
0 0
483 887
0 0
0 0
104 52
463106 9592
0 0
0 0
0 0
0 0
0 0
361 1083
0 0
0 0
431 721
52 1274
280512 10430
0 0
0 0
772448 21296
951211 26368
0 0
0 0
0 0
0 0
0 0
0 0
455670 10648
1568 963
1638 846
0 0
483 886
0 0
0 0
104 52
0 0
0 0
52 52
0 0
0 0
0 0
0 0
361 1225
1742809 67410
0 0
0 0
0 0
0 0
0 0
0 0
0 0
0 0
0 0
52 52
431 722
0 0
0 0
0 0
112 681
3094 1128
0 0
483 886
0 0
1762469 69466
104 52
0 0
0 0
0 0
569 1684
52 0
0 0
0 0
0 0
52 52
457701 23348
0 0
0 0
0 0
1219 2418
0 0
1854522 72302
0 0
0 0
0 0
0 0
0 0
0 0
0 0
0 60
3206 1749
232240 9176
233635 8591
0 0
0 0
364 722
0 0
0 0
0 0
0 0
0 0
9000 1534
1594963 27664
0 0
0 0
0 0
0 0
0 0
0 0
0 0
0 0
0 0
52 52
0 0
0 0
0 0
0 0
0 0
0 1222
2066537 49042
3146 1128
0 0
483 887
361 1225
0 0
104 52
0 0
0 0
0 0
465610 19144
0 0
0 0
0 0
0 0
0 0
260 668
0 0
0 0
0 0
1857829 58570
0 0
0 0
0 0
0 0
0 0
0 0
0 0
0 0
0 0
164 733
462905 14008
0 0
483 888
0 0
0 0
104 52
0 0
0 0
309 1083
52 0
52 52
0 0
0 0
0 0
0 0
0 0
16396 1690
350740 12556
32792 1140
982598 17864
0 0
0 0
0 0
0 0
0 0
569358 16790
295894 10058
352396 8588
967292 20796
319024 8145
3146 1128
0 0
483 1076
0 0
0 0
104 52
52 52
0 0
1169480 26766
23948 1040
478188 11664
129277 3832
0 0
455379 10861
3010 1614
0 0
52 52
0 0
1302252 23842
867098 14820
0 0
0 0
0 0
0 0
0 0
0 0
184 187
0 0
0 0
164 733
3094 1128
0 0
536 951
0 0
0 0
364 770
0 0
0 0
0 0
740688 14482
1078926 20168
0 0
0 0
0 0
0 0
456911 9436
0 0
0 0
0 0
0 0
0 0
0 0
0 0
0 0
0 0
52 52
0 0
0 0
0 0
112 681
3455 2353
1960807 44130
312 835
0 0
0 0
104 52
0 0
361 1083
0 0
0 0
0 0
52 52
458335 19677
0 0
0 0
431 721
0 0
1677701 70730
0 0
0 0
0 0
0 0
0 0
0 0
0 0
0 0
0 0
52 52
353792 7670
43404 2269
85178 4136
83688 3200
167532 7043
314680 7276
236940 4576
295804 5732
280648 5332
10347 260
342252 7254
122783 4193
0 0
0 0
0 0
0 0
2066598 39882
0 0
0 0
0 0
0 0
0 0
0 0
0 0
0 0
0 0
476692 18478
431 722
0 0
0 0
0 0
165 733
3041 1076
0 0
483 887
0 0
52 52
104 52
0 0
0 0
0 0
0 0
0 0
0 0
0 0
0 0
52 52
0 0
361 1083
0 0
0 0
0 0
0 0
1962938 58602
218433 5619
0 0
0 0
0 0
0 0
0 0
0 0
60 681
3146 1128
0 0
535 938
0 0
0 0
364 722
0 0
90804 3606
524376 12468
0 0
0 0
397396 9564
721292 14152
479209 11454
181092 4896
0 0
0 0
0 0
0 0
0 0
0 0
0 0
0 0
401740 8554
67396 2740
3703 1509
998 194
340188 8892
283292 6636
485800 14781
28517 1960
361 1083
312 836
0 0
0 0
104 52
0 0
0 0
309 1225
52 0
52 52
0 0
0 0
0 0
0 0
260 669
0 0
0 0
0 0
0 0
52 52
0 0
135 104
0 0
0 0
0 0
0 0
0 0
0 0
112 681
3226 1263
0 0
483 868
0 0
0 0
104 52
0 0
0 0
0 0
0 0
0 0
0 0
0 0
0 0
0 0
0 0
0 0
0 0
0 0
0 0
0 0
0 0
0 0
0 0
98 150
431 721
0 0
0 0
0 0
165 733
3041 1076
0 0
673 1898
0 0
0 0
104 52
0 0
0 0
0 0
0 0
0 0
0 0
0 0
0 0
0 0
0 0
0 0
0 0
0 0
0 0
0 0
0 0
0 0
0 0
0 0
0 0
0 0
0 0
0 0
60 681
3094 1076
0 0
483 868
361 1225
0 0
364 722
0 0
0 0
0 0
0 0
4735 1636
11192 4200
44931 1612
0 0
0 0
0 0
0 135
135 80
0 0
0 0
0 52
104 52
150 202
0 0
0 0
0 0
0 0
0 0
0 0
165 733
3041 1076
104 104
312 868
52 0
0 0
104 52
0 0
0 0
0 0
0 0
0 0
52 104
645 1439
52 52
3010 1614
260 663
0 0
0 0
0 0
104 52
18107 5756
996619 43954
2016686 76384
1223233 42424
361 1083
248154 13844
9926 7929
0 0
0 0
356898 8530
3577 2046
932 2803
190319 5699
1945081 56532
0 0
104 52
0 0
0 0
0 0
495177 10902
0 0
208 208
566 871
0 52
1724758 77425
0 0
361 1458
104 52
0 0
0 0
0 0
448 457
1705034 60439
1472 52
515882 24787
0 0
0 0
0 0
0 0
60 681
1586770 57340
350232 12272
162231 5560
0 0
52 52
104 52
0 0
0 0
0 0
524532 10815
0 0
52 52
0 0
757716 14923
1159186 20592
0 0
0 0
0 0
0 0
0 0
150 150
202 202
0 0
0 0
352 404
524674 10959
0 0
0 0
0 0
60 681
3597 2475
405109 12430
1758245 43680
0 0
0 0
156 104
52 187
0 135
135 80
503618 10875
0 60
11537 2331
29370 11682
1971433 61887
119024 5348
0 0
0 0
0 0
0 0
0 0
0 0
52 52
260 312
52 0
506079 10504
1477680 56072
604951 22592
0 0
0 0
112 681
3577 2015
0 52
260 260
104 52
0 0
104 52
413 1277
0 0
0 0
52 1196
844911 24146
672632 16378
1072645 30316
312 104
0 0
0 0
0 0
0 0
0 0
98 150
98 150
0 0
104 104
508 612
196 300
518181 17368
0 0
0 0
1183868 25740
991772 32437
3353 1912
0 0
52 52
260 312
52 0
260 324
52 40
361 1083
0 0
528188 19452
0 0
0 0
0 52
862 728
0 0
0 0
0 0
0 0
0 0
52 52
260 666
0 0
0 0
52 52
0 0
428732 17848
436924 15508
302972 13940
864882 32188
165 733
3524 1963
0 0
6170 1454
52 52
361 1225
104 52
0 0
0 0
52 52
0 0
504896 17524
19591 1037
52 52
104 337
0 0
0 0
260 855
52 285
0 0
0 0
0 0
52 52
52 52
0 52
52 0
0 0
0 0
0 0
1702184 56400
421271 10189
3910 2639
0 0
52 52
0 0
52 52
104 52
0 0
135 215
0 0
52 52
0 0
0 0
516287 22268
0 0
0 0
0 0
0 0
0 0
0 0
0 0
0 0
0 0
104 104
0 0
0 0
0 0
0 0
0 0
361 1083
60 681
3458 1962
361 1225
104 104
0 0
0 0
104 52
0 0
0 0
0 0
0 0
334927 16958
607832 25956
14668 772
549393 20436
113240 4788
0 0
0 0
0 0
0 0
83904 3028
366520 10692
66084 2676
0 0
52 52
0 0
0 0
0 0
0 0
0 0
1568 963
1950 1682
1373 1197
0 0
52 52
0 0
104 52
0 0
78016 2964
258760 8636
448648 9456
648944 14240
68979 1612
0 0
52 52
0 0
0 0
379323 8228
142576 5940
0 0
0 0
431 722
0 0
884412 17612
881416 31308
172515 6068
0 0
0 0
0 0
52 187
60 681
3458 1963
0 0
4169 1780
841415 24448
219185 20788
478400 16936
182112 7768
116132 4752
23552 1012
0 0
0 0
0 0
0 0
52 52
3062 1926
260 0
32747 2783
603125 13772
391549 9619
535704 11556
175376 6119
348509 9496
559728 14708
457835 10292
0 0
673 1537
0 0
0 0
0 0
60 681
3577 1850
0 0
0 0
52 104
52 0
416 364
0 0
0 0
0 0
0 0
0 0
0 0
0 0
52 52
52 52
312 312
607936 12376
151512 6200
760348 18000
503008 10972
140617 5500
0 0
0 0
309 1083
104 52
156 312
156 0
0 0
0 0
112 681
3146 1180
52 1092
299976 7292
1472 52
210242 7196
914 988
0 0
0 0
0 0
0 0
431 826
0 0
0 0
0 0
52 104
52 0
0 0
0 0
0 0
1721928 31980
184491 4112
0 0
0 0
0 0
0 0
52 52
0 0
0 0
0 0
60 681
3198 1180
0 0
54516 2444
455753 8488
0 0
156 104
0 0
0 0
0 0
0 0
0 0
0 0
0 0
413 1277
0 0
52 52
0 0
0 0
0 0
0 0
674 1509
0 0
0 0
52 52
0 0
0 52
104 1196
1518844 36848
252384 9164
300 948
3041 1076
0 0
20258 7399
26657 884
0 0
104 52
0 0
0 0
52 52
0 0
52 1092
503872 9308
104 104
52 52
0 0
0 0
0 0
0 0
0 0
0 0
483 991
52 52
52 104
104 52
0 0
0 0
361 1225
0 0
52 1196
1199532 25477
839483 26638
0 0
52 52
52 104
52 0
104 52
0 0
0 0
0 0
0 0
52 52
0 0
0 52
304288 10613
52 52
0 0
160503 6908
49996 2156
0 0
0 0
483 888
0 0
0 0
104 104
413 1135
0 0
0 0
52 52
0 0
164 1877
548098 13572
738528 17676
1208 52
104 104
52 52
198564 5824
348656 8428
29544 1320
0 0
0 0
52 572
208 98
0 0
104 104
54827 4306
249182 6952
7308 244
332033 13277
0 0
0 0
104 739
0 0
569 1323
104 104
12260 2457
52 52
0 0
646208 13104
165560 6232
1568 963
1638 846
0 0
0 0
104 104
52 52
156 104
0 0
104 104
52 52
0 0
52 1196
622502 16508
594376 15264
417892 13540
647472 19264
52 52
0 0
132 135
0 0
361 1083
520 1505
204359 6874
0 0
465 1329
42716 1851
52 52
0 0
58724 2384
239 589
278268 7633
122897 5926
52 52
48576 2100
0 0
0 0
104 52
0 0
0 0
0 0
67892 5175
179795 5381
0 0
0 0
0 0
0 0
0 0
0 0
0 0
0 0
0 0
52 1196
517816 14842
407357 11032
0 0
0 0
0 0
85487 4904
0 0
0 0
1568 963
164600 7070
52 0
0 0
0 0
0 0
104 52
467744 15316
142547 3528
0 0
0 0
312 836
536995 11076
0 0
0 0
0 0
0 0
0 0
0 0
0 0
0 0
0 0
415 2364
635956 20283
0 0
0 0
1472 40
0 0
0 0
0 0
112 681
3406 2151
0 0
612 2778
611585 22096
7124 4185
104 52
0 0
0 0
0 0
361 1225
224817 10428
43244 2138
0 0
0 0
3166 1770
309 1083
52 0
0 0
325208 12936
104 52
0 0
0 0
0 0
0 0
156 156
83772 3340
38284 4072
0 0
0 0
165 733
3041 1076
0 0
132 135
40159 2915
1604 187
19344 1071
236732 6172
163392 4180
0 0
0 0
483 1239
0 0
0 0
0 0
78327 4837
219197 9116
91576 4509
247973 12091
4788 208
0 0
52 570
0 0
208 98
0 0
551120 14641
73600 2012
47413 2757
28072 1124
52 52
112 681
3094 1128
0 0
0 0
0 0
135476 3156
248084 6479
159310 5435
52 52
52 52
0 0
312 836
0 0
0 0
73081 3171
553357 13323
119543 4888
132 135
0 0
3128 303
72769 4130
0 0
19084 756
47000 1920
704032 17064
328216 10432
419460 13532
522589 13436
777369 26215
1138842 31438
158916 7381
314913 12075
416524 10780
1296761 29460
463524 16320
0 0
104 52
135290 4220
0 0
0 0
0 0
483 889
0 0
0 0
0 0
0 0
0 0
104 104
0 0
0 0
361 1225
0 0
1472 40
0 0
0 0
0 0
52 1196
420992 8844
19084 756
319268 7008
276745 7825
179577 6868
858417 18896
0 0
0 0
0 0
104 52
184 187
0 0
0 1094
490049 14498
495032 17804
0 0
0 0
0 0
0 0
0 0
0 0
0 0
0 0
0 0
413 1135
0 0
0 0
0 0
0 0
0 0
0 0
0 0
0 0
1516 733
1690 1076
0 0
0 0
0 0
0 0
104 52
0 0
0 0
0 0
0 0
444 952
0 0
60 701
1797335 63711
194859 4932
0 0
361 1225
0 0
0 0
0 0
260 669
0 0
0 0
0 0
52 52
0 0
0 0
52 1094
512290 17956
165 733
3041 1076
0 0
0 0
0 0
0 0
104 52
0 0
0 0
52 52
0 0
1760166 42500
0 0
0 0
0 0
0 0
0 0
0 0
0 0
0 0
0 0
52 52
0 0
0 0
0 0
361 1225
52 1196
993548 35484
1118498 52180
0 0
1516 911
2069 1568
0 0
0 0
0 0
0 0
104 52
0 0
52 52
0 0
0 0
535 1981
527031 25392
361 1083
0 0
0 0
0 0
0 0
52 1196
763968 24120
0 0
0 0
0 0
0 0
0 0
0 0
819904 24188
475593 21104
0 0
0 0
60 681
3146 1128
0 0
52 1094
520490 24784
0 0
104 52
0 0
0 0
52 1196
607936 29940
1701 2640
1463273 55200
0 0
103258 2164
0 0
0 0
0 0
0 0
0 0
0 0
0 0
52 52
0 0
0 0
0 0
904 1015
0 0
0 0
0 0
112 681
1164692 48596
518745 19875
0 0
0 0
0 0
104 52
0 0
0 0
0 0
52 1094
508647 23123
0 0
0 0
0 0
361 1083
0 0
641740 12896
344292 14820
0 0
361 1225
52 571
208 98
0 0
0 0
0 0
0 0
52 219
415 2044
549236 15560
641957 23121
4825 2154
368000 11212
42532 1736
513122 15170
144047 4420
104 52
0 0
0 0
104 187
0 0
0 0
0 0
0 0
0 0
3126 1844
0 0
0 0
0 0
0 0
104 52
0 0
0 0
0 0
0 0
156 865
241 64
645 150
0 0
0 0
165 733
3561 2584
135 104
0 0
0 0
184 187
104 52
0 0
0 0
872 963
0 0
